1n	1	8664.91582	0
1H	1	7825.03224	0
2H	2	14101.77811	0
3H	3	16049.28199	0
3He	3	16029.32265	0
3Li	3	030775	2147
4H	4	26431.868	107.35
4He	4	2603.25413	0
4Li	4	27185.562	227.73
5H	5	35311.493	96.02
5He	5	12057.224	21.47
5Li	5	12537.8	53.67
5Be	5	039870	2150
6H	6	44955.437	272.81
6He	6	18885.891	0.05
6Li	6	15122.88742	0
6Be	6	19726.409	5.84
6B	6	050800	2150
7H	7	052749	1078
7He	7	27990.654	8.11
7Li	7	16003.43666	0
7Be	7	16928.717	0.07
7B	7	29712	27
8He	8	33934.39	0.09
8Li	8	22486.246	0.05
8Be	8	5305.102	0.03
8B	8	24607.316	1.07
8C	8	37643.042	19.58
9He	9	43946.419	50.25
9Li	9	26790.191	0.2
9Be	9	12183.066	0.08
9B	9	13329.649	0.96
9C	9	31037.207	2.29
10He	10	52815.308	99.67
10Li	10	35483.453	13.65
10Be	10	13534.695	0.08
10B	10	12936.862	0.01
10C	10	16853.218	0.07
10N	10	41653.543	429.41
11Li	11	43723.581	0.66
11Be	11	21661.081	0.25
11B	11	9305.166	0.01
11C	11	11432.597	0.06
11N	11	26090.945	49.54
12Li	12	52613.941	32.21
12Be	12	26922.083	2.04
12B	12	14352.638	1.41
12C	12	0	0
12N	12	18613.182	1.07
12O	12	34261.747	25.76
13Li	13	61171.503	75.15
13Be	13	36134.507	10.92
13B	13	17779.981	1.07
13C	13	3354.83521	0
13N	13	5738.609	0.28
13O	13	24815.437	10.22
14Be	14	42892.92	141.97
14B	14	25404.012	22.77
14C	14	3241.98843	0
14N	14	3074.00446	0
14O	14	8596.706	0.02
14F	14	34315.199	44.14
15Be	15	53490.215	177.99
15B	15	31087.953	22.57
15C	15	10599.256	0.85
15N	15	108.89894	0
15O	15	3065.618	0.52
15F	15	17785.139	15.02
15Ne	15	43172.98	71.58
16Be	16	61672.036	177.99
16B	16	39841.92	26.37
16C	16	14701.256	3.84
16N	16	6101.925	2.47
16O	15	994914.6196	0
16F	16	11465.723	8.93
16Ne	16	25750.864	21.98
17B	17	46931.399	219.11
17C	17	22578.672	18.64
17N	17	8448.877	16.1
17O	16	999131.7566	0
17F	17	2095.238	0.26
17Ne	17	17713.959	0.38
17Na	17	37760	1075
18B	18	55601.682	219.18
18C	18	26751.932	32.2
18N	18	14077.565	19.93
18O	17	999159.6128	0
18F	18	937.325	0.49
18Ne	18	5708.693	0.39
18Na	18	26879.386	100.78
19B	19	64166	564
19C	19	34797.596	105.62
19N	19	17022.419	17.61
19O	19	3577.97	2.83
19F	18	998403.1629	0
19Ne	19	1880.903	0.17
19Na	19	13880.272	11.3
19Mg	19	34169.182	53.67
20B	20	073484	859
20C	20	40261.732	247.58
20N	20	23367.295	84.69
20O	20	4075.358	0.95
20F	19	999981.252	0.03
20Ne	19	992440.1762	0
20Na	20	7354.426	1.19
20Mg	20	18763.075	2
21B	21	083017	966
21C	21	049000	640
21N	21	27087.573	143.9
21O	21	8654.95	12.88
21F	20	999948.894	1.93
21Ne	20	993846.685	0.04
21Na	20	997654.702	0.1
21Mg	21	11705.764	0.81
21Al	21	028975	640
22C	22	57553.99	248.51
22N	22	34100.918	223.06
22O	22	9965.746	61.1
22F	22	2998.809	13.31
22Ne	21	991385.109	0.01
22Na	21	994437.418	0.18
22Mg	21	999570.654	0.33
22Al	22	019540	430
22Si	22	035790	540
23C	23	068890	1070
23N	23	39421	451.5
23O	23	15696.686	130.66
23F	23	3526.874	35.77
23Ne	22	994466.9	0.11
23Na	22	989769.282	0
23Mg	22	994123.941	0.17
23Al	23	7244.351	0.37
23Si	23	025440	540
24N	24	050390	430
24O	24	19861	177
24F	24	8099.37	104.85
24Ne	23	993610.645	0.55
24Na	23	990963.011	0.01
24Mg	23	985041.697	0.01
24Al	23	999947.541	0.25
24Si	24	11535.441	20.9
24P	24	035770	540
25N	25	060100	540
25O	25	29338.919	177.22
25F	25	12167.727	103.53
25Ne	24	997814.799	31.18
25Na	24	989953.973	1.28
25Mg	24	985836.964	0.05
25Al	24	990428.306	0.06
25Si	25	4108.801	10.73
25P	25	021190	430
26O	26	37210.155	177.08
26F	26	20020.392	119.37
26Ne	26	516.496	19.78
26Na	25	992634.649	3.75
26Mg	25	982592.971	0.03
26Al	25	986891.863	0.07
26Si	25	992333.804	0.11
26P	26	011780	210
26S	26	029070	640
27O	27	047955	537
27F	27	27322	418.5
27Ne	27	7569.462	97.44
27Na	26	994076.408	4
27Mg	26	984340.628	0.05
27Al	26	981538.408	0.05
27Si	26	986704.688	0.11
27P	26	999224.409	28.27
27S	27	018280	430
28O	28	055910	750
28F	28	36223.095	421.92
28Ne	28	12130.767	135.33
28Na	27	998939	11
28Mg	27	983876.606	2.14
28Al	27	981910.087	0.08
28Si	27	976926.535	0
28P	27	992326.585	1.23
28S	28	4372.766	171.76
28Cl	28	029540	640
29F	29	43103	564
29Ne	29	19753	160.5
29Na	29	2877.092	7.87
29Mg	28	988617.393	12.23
29Al	28	980453.164	0.37
29Si	28	976494.6653	0
29P	28	981800.368	0.38
29S	28	996611.448	53.67
29Cl	29	14130.178	202.55
30F	30	051650	640
30Ne	30	24992.235	271.87
30Na	30	9097.932	5.07
30Mg	29	990462.826	3.7
30Al	29	982968.388	3.1
30Si	29	973770.136	0.02
30P	29	978313.489	0.06
30S	29	984906.769	0.22
30Cl	30	004770	210
30Ar	30	22470.511	221.31
31F	31	060272	587
31Ne	31	33474.816	285.77
31Na	31	13146.656	15
31Mg	30	996648.232	3.3
31Al	30	983949.756	2.4
31Si	30	975363.194	0.04
31P	30	973761.9986	0
31S	30	979557.007	0.24
31Cl	30	992448.098	3.7
31Ar	31	012158	215
32Ne	32	039720	540
32Na	32	20011.026	40
32Mg	31	999110.139	3.5
32Al	31	988084.339	7.7
32Si	31	974151.539	0.32
32P	31	973907.643	0.04
32S	31	972071.1744	0
32Cl	31	985684.637	0.6
32Ar	31	997637.826	1.9
32K	32	022650	430
33Ne	33	049380	640
33Na	33	25529	483
33Mg	33	5327.245	3.1
33Al	32	990877.687	7.5
33Si	32	977976.964	0.75
33P	32	971725.694	1.17
33S	32	971458.9099	0
33Cl	32	977451.989	0.41
33Ar	32	989925.547	0.43
33K	33	007560	210
34Ne	34	056728	551
34Na	34	34010	643.5
34Mg	34	8935.481	31
34Al	33	996779.057	3.3
34Si	33	978575.437	15.15
34P	33	973645.887	0.87
34S	33	967867.012	0.04
34Cl	33	973762.491	0.05
34Ar	33	980270.093	0.08
34K	33	998690	210
34Ca	34	014870	320
35Na	35	041043	720
35Mg	35	16790	289.5
35Al	34	999759.817	7.9
35Si	34	984550.134	38.49
35P	34	973314.053	2
35S	34	969032.322	0.04
35Cl	34	968852.694	0.03
35Ar	34	975257.721	0.73
35K	34	988005.407	0.55
35Ca	35	005140	210
36Na	36	049708	728
36Mg	36	21879	741
36Al	36	6388	160.5
36Si	35	986649.271	77.07
36P	35	978259.619	14.07
36S	35	967080.699	0.2
36Cl	35	968306.822	0.03
36Ar	35	967545.105	0.02
36K	35	981302.01	0.36
36Ca	35	993074.406	42.94
36Sc	36	016480	320
37Na	37	057471	737
37Mg	37	30286.265	750.35
37Al	37	10531	193.5
37Si	36	992945.191	122.17
37P	36	979606.956	40.73
37S	36	971125.507	0.21
37Cl	36	965902.584	0.05
37Ar	36	966776.314	0.22
37K	36	973375.889	0.1
37Ca	36	985897.852	0.68
37Sc	37	003779	322
38Mg	38	036580	540
38Al	38	17402	402
38Si	37	995523	112.5
38P	37	984303.105	77.91
38S	37	971163.31	7.69
38Cl	37	968010.418	0.1
38Ar	37	962732.104	0.2
38K	37	969081.116	0.2
38Ca	37	976319.226	0.2
38Sc	37	995438	215
38Ti	38	011669	322
39Mg	39	045384	551
39Al	39	022169	429
39Si	39	2491	145.5
39P	38	986285.865	120.92
39S	38	975133.852	53.67
39Cl	38	968008.162	1.85
39Ar	38	964313.039	5.36
39K	38	963706.4866	0
39Ca	38	970710.813	0.64
39Sc	38	984784.97	25.76
39Ti	39	002362	215
40Mg	40	051906	537
40Al	40	029619	429
40Si	40	5829	370.5
40P	39	991288.865	164.87
40S	39	975482.562	4.27
40Cl	39	970415.469	34.42
40Ar	39	962383.1238	0
40K	39	963998.166	0.06
40Ca	39	962590.865	0.02
40Sc	39	977967.292	3.03
40Ti	39	990498.721	171.76
40V	40	013065	322
41Al	41	035878	537
41Si	41	13011	595.5
41P	40	994654	129
41S	40	979593.451	4.4
41Cl	40	970684.525	73.77
41Ar	40	964500.571	0.37
41K	40	961825.258	0
41Ca	40	962277.921	0.14
41Sc	40	969251.104	0.08
41Ti	40	983148	30
41V	41	000344	215
42Al	42	043049	644
42Si	42	017681	537
42P	42	1084	337.5
42S	41	981065.1	3
42Cl	41	973342	64
42Ar	41	963045.736	6.2
42K	41	962402.306	0.11
42Ca	41	958617.828	0.15
42Sc	41	965516.522	0.18
42Ti	41	973049.022	0.29
42V	41	991820	210
42Cr	42	007225	429
43Al	43	050478	859
43Si	43	024800	640
43P	43	5024	595.5
43S	42	986907.635	5.33
43Cl	42	974063.7	66.4
43Ar	42	965636.055	5.7
43K	42	960734.703	0.44
43Ca	42	958766.43	0.24
43Sc	42	961150.472	1.99
43Ti	42	968522.521	7.77
43V	42	980766	46
43Cr	42	997885	429
44Si	44	030610	640
44P	44	011219	537
44S	43	990118.848	5.6
44Cl	43	978116.312	146.34
44Ar	43	964923.816	1.7
44K	43	961586.986	0.45
44Ca	43	955481.543	0.34
44Sc	43	959402.867	1.88
44Ti	43	959689.951	0.75
44V	43	974110	195
44Cr	43	985657	322
44Mn	44	007547	537
45Si	45	040247	751
45P	45	016747	537
45S	44	995717	1111.5
45Cl	44	980394.353	146.17
45Ar	44	968039.733	0.55
45K	44	960691.493	0.56
45Ca	44	956186.326	0.39
45Sc	44	955907.503	0.72
45Ti	44	958121.211	0.9
45V	44	965768.951	0.93
45Cr	44	979050	38
45Mn	44	994364	429
45Fe	45	014774	429
46P	46	024659	751
46S	46	000365	537
46Cl	45	985121.323	224
46Ar	45	968037.446	1.2
46K	45	961981.586	0.78
46Ca	45	953687.988	2.39
46Sc	45	955167.485	0.73
46Ti	45	952626.856	0.17
46V	45	960197.971	0.21
46Cr	45	968360.97	12.29
46Mn	45	986506	429
46Fe	46	000977	537
47P	47	031895	859
47S	47	007912	537
47Cl	46	989501	429
47Ar	46	972768.114	1.2
47K	46	961661.614	1.5
47Ca	46	954541.394	2.38
47Sc	46	952402.704	2.07
47Ti	46	951757.752	0.12
47V	46	954904.038	0.18
47Cr	46	962895.544	6.47
47Mn	46	975774	34
47Fe	46	992625	537
47Co	47	011133	644
48S	48	013700	640
48Cl	47	995405	537
48Ar	47	976080	330
48K	47	965341.186	0.83
48Ca	47	952522.904	0.1
48Sc	47	952223.157	5.31
48Ti	47	947940.932	0.11
48V	47	952251.229	1.04
48Cr	47	954028.667	7.86
48Mn	47	968549.085	7.44
48Fe	47	980676	429
48Co	48	001610	537
48Ni	48	018028	538
49S	49	022644	716
49Cl	49	001009	644
49Ar	48	981546	429
49K	48	968210.755	0.86
49Ca	48	955662.875	0.21
49Sc	48	950014.423	2.89
49Ti	48	947864.627	0.12
49V	48	948510.746	0.88
49Cr	48	951332.955	2.4
49Mn	48	959612.585	2.42
49Fe	48	973429	26
49Co	48	989393	537
49Ni	49	008803	644
50Cl	50	008309	644
50Ar	49	985690	537
50K	49	972380.017	8.3
50Ca	49	957499.217	1.7
50Sc	49	952176.415	16.1
50Ti	49	944785.839	0.12
50V	49	947155.845	0.43
50Cr	49	946041.443	0.46
50Mn	49	954237.391	0.47
50Fe	49	962988	9
50Co	49	981073	429
50Ni	49	995577	537
51Cl	51	015341	751
51Ar	50	992818	644
51K	50	975827.867	14
51Ca	50	960995.665	0.56
51Sc	50	953592.095	21.47
51Ti	50	946609.6	0.54
51V	50	943956.867	0.43
51Cr	50	944764.652	0.42
51Mn	50	948208.065	0.53
51Fe	50	956840.779	9.62
51Co	50	970647	52
51Ni	50	987225	537
52Ar	51	998626	644
52K	51	981602	36
52Ca	51	963213.648	0.72
52Sc	51	956582.351	87.87
52Ti	51	946891.96	7.59
52V	51	944772.839	0.45
52Cr	51	940504.992	0.36
52Mn	51	945563.488	1.98
52Fe	51	948115.217	5.49
52Co	51	963112	9
52Ni	51	976028	429
52Cu	51	997552	644
53Ar	53	007290	750
53K	52	986800	120
53Ca	52	968451	47
53Sc	52	958231.821	101
53Ti	52	949724.785	107.4
53V	52	944335.593	3.34
53Cr	52	940646.961	0.37
53Mn	52	941287.742	0.48
53Fe	52	945305.574	1.77
53Co	52	954203.217	1.83
53Ni	52	968190	27
53Cu	52	985754	537
54K	53	994630	640
54Ca	53	972989	52
54Sc	53	963616.62	292.86
54Ti	53	951022.786	88.52
54V	53	946437.472	16.1
54Cr	53	938878.012	0.37
54Mn	53	940356.429	1.13
54Fe	53	939608.306	0.39
54Co	53	948459.192	0.41
54Ni	53	957833	5
54Cu	53	977015	429
54Zn	53	993267	430
55K	55	000760	750
55Ca	54	980300	322
55Sc	54	967622.601	487.75
55Ti	54	955267.465	173.48
55V	54	947241.114	102.09
55Cr	54	940837.289	0.42
55Mn	54	938043.172	0.32
55Fe	54	938291.283	0.36
55Co	54	941996.531	0.45
55Ni	54	951329.961	0.77
55Cu	54	966038	167
55Zn	54	984358	429
56K	56	008510	860
56Ca	55	985080	429
56Sc	55	973320	630
56Ti	55	957788.19	130.16
56V	55	950450.694	189.9
56Cr	55	940649.107	0.64
56Mn	55	938902.947	0.35
56Fe	55	934935.617	0.32
56Co	55	939838.15	0.52
56Ni	55	942127.872	0.45
56Cu	55	958515	16
56Zn	55	972743	429
56Ga	55	996361	537
57Ca	56	992620	429
57Sc	56	977460	1400
57Ti	56	963590.068	275.27
57V	56	952320.197	86.39
57Cr	56	943612.409	1.14
57Mn	56	938285.968	1.61
57Fe	56	935392.134	0.32
57Co	56	936289.913	0.57
57Ni	56	939791.525	0.62
57Cu	56	949211.819	0.55
57Zn	56	965056	215
57Ga	56	983886	429
58Ca	57	997940	537
58Sc	57	984030	429
58Ti	57	966602	215
58V	57	956626.932	95.94
58Cr	57	944184.502	1.6
58Mn	57	940066.646	2.9
58Fe	57	933273.738	0.36
58Co	57	935751.429	1.24
58Ni	57	935341.78	0.4
58Cu	57	944532.413	0.62
58Zn	57	954590.428	53.67
58Ga	57	974729	322
58Ge	57	992399	537
59Sc	58	988940	429
59Ti	58	972614	215
59V	58	959385.659	173.77
59Cr	58	948377.81	232.27
59Mn	58	940391.113	2.5
59Fe	58	934873.649	0.38
59Co	58	933193.656	0.44
59Ni	58	934345.571	0.4
59Cu	58	939496.844	0.58
59Zn	58	949312.017	0.82
59Ga	58	963757	183
59Ge	58	982963	429
60Sc	59	995650	537
60Ti	59	976028	322
60V	59	964313.29	236.35
60Cr	59	949898.146	207.83
60Mn	59	943136.576	2.5
60Fe	59	934070.411	3.65
60Co	59	933815.667	0.45
60Ni	59	930785.256	0.4
60Cu	59	937363.916	1.73
60Zn	59	941841.45	0.6
60Ga	59	957498	215
60Ge	59	970918	322
60As	59	994128	429
61Sc	61	001000	644
61Ti	60	982448	429
61V	60	967250	960
61Cr	60	954400.963	108.79
61Mn	60	944452.544	2.5
61Fe	60	936746.244	2.8
61Co	60	932476.145	0.9
61Ni	60	931054.945	0.4
61Cu	60	933457.371	1.02
61Zn	60	939506.96	17.06
61Ga	60	949398.859	40.78
61Ge	60	964187	322
61As	60	981857	322
62Ti	61	986581	429
62V	61	972650	320
62Cr	61	956097.451	158.99
62Mn	61	947907.386	7.02
62Fe	61	936791.812	3
62Co	61	934058.317	19.94
62Ni	61	928344.871	0.47
62Cu	61	932594.921	0.69
62Zn	61	934333.477	0.67
62Ga	61	944189.757	0.69
62Ge	61	955190	150
62As	61	973891	322
63Ti	62	993827	537
63V	62	976500	429
63Cr	62	961344.384	384.4
63Mn	62	949664.675	4
63Fe	62	940272.7	4.61
63Co	62	933599.744	19.94
63Ni	62	929669.139	0.47
63Cu	62	929597.236	0.47
63Zn	62	933211.167	1.67
63Ga	62	939294.195	1.4
63Ge	62	949628	40
63As	62	964036	215
64Ti	63	998900	644
64V	63	982480	429
64Cr	63	964058	472
64Mn	63	953849.37	3.8
64Fe	63	940987.763	5.38
64Co	63	935810.291	21.47
64Ni	63	927966.341	0.51
64Cu	63	929763.857	0.48
64Zn	63	929141.772	0.69
64Ga	63	936840.365	1.53
64Ge	63	941689.913	4
64As	63	957560	218
64Se	63	971336	540
65V	64	987354	537
65Cr	64	969705	322
65Mn	64	956019.75	4
65Fe	64	945015.324	5.48
65Co	64	936462.073	2.23
65Ni	64	930084.697	0.53
65Cu	64	927789.487	0.69
65Zn	64	929240.532	0.69
65Ga	64	932734.395	0.87
65Ge	64	939368.137	2.32
65As	64	949611	91
65Se	64	964552	322
66V	65	993977	537
66Cr	65	973462	429
66Mn	65	960546.834	12
66Fe	65	946249.96	4.4
66Co	65	939442.945	15
66Ni	65	929139.334	1.5
66Cu	65	928868.814	0.7
66Zn	65	926033.704	0.8
66Ga	65	931589.832	1.17
66Ge	65	933862.126	2.57
66As	65	944148.779	6.1
66Se	65	955276	215
67V	66	999302	644
67Cr	66	979946	429
67Mn	66	964079	322
67Fe	66	951035.482	290.16
67Co	66	940609.628	6.91
67Ni	66	931569.414	3.1
67Cu	66	927729.526	0.95
67Zn	66	927127.482	0.81
67Ga	66	928202.384	1.26
67Ge	66	932733.62	5
67As	66	939251.111	0.47
67Se	66	949994	72
67Br	66	964798	429
68Cr	67	984112	537
68Mn	67	969533	429
68Fe	67	953314.875	392.12
68Co	67	944250.135	203.43
68Ni	67	931868.789	3.2
68Cu	67	929610.889	1.7
68Zn	67	924844.291	0.84
68Ga	67	927980.221	1.53
68Ge	67	928095.308	2.01
68As	67	936774.13	1.98
68Se	67	941825.239	0.53
68Br	67	958356	278
69Cr	68	990789	537
69Mn	68	973408	429
69Fe	68	958100	429
69Co	68	946023.102	150.83
69Ni	68	935610.268	4
69Cu	68	929429.268	1.5
69Zn	68	926550.418	0.85
69Ga	68	925573.531	1.28
69Ge	68	927964.471	1.41
69As	68	932246.294	34.35
69Se	68	939414.847	1.59
69Br	68	950338.413	45.09
69Kr	68	965180	430
70Cr	69	995191	644
70Mn	69	979066	537
70Fe	69	960805	429
70Co	69	949941	322
70Ni	69	936431.303	2.3
70Cu	69	932392.079	1.16
70Zn	69	925319.181	2.05
70Ga	69	926021.917	1.28
70Ge	69	924248.706	0.9
70As	69	930926.151	53.68
70Se	69	933515.523	1.7
70Br	69	944792.323	16
70Kr	69	955877	215
71Mn	70	983285	537
71Fe	70	966259	429
71Co	70	952366.923	499.23
71Ni	70	940518.964	2.4
71Cu	70	932676.832	1.6
71Zn	70	927719.58	2.84
71Ga	70	924702.536	0.87
71Ge	70	924952.284	0.89
71As	70	927113.758	4.47
71Se	70	932209.432	3
71Br	70	939342.156	5.79
71Kr	70	950265.696	138.23
71Rb	70	965582	429
72Mn	71	989372	644
72Fe	71	969479	537
72Co	71	956844	429
72Ni	71	941785.926	2.4
72Cu	71	935820.307	1.5
72Zn	71	926842.807	2.3
72Ga	71	926367.434	0.87
72Ge	71	922075.826	0.08
72As	71	926752.295	4.38
72Se	71	927140.507	2.1
72Br	71	936594.607	1.1
72Kr	71	942092.407	8.6
72Rb	71	958851	537
73Fe	72	975416	537
73Co	72	959830	429
73Ni	72	946206.683	2.6
73Cu	72	936674.378	2.08
73Zn	72	929582.582	2
73Ga	72	925174.682	1.8
73Ge	72	923458.956	0.06
73As	72	923829.089	4.13
73Se	72	926754.883	7.96
73Br	72	931671.621	7.8
73Kr	72	939289.195	7.06
73Rb	72	950529	215
73Sr	72	965700	430
74Fe	73	978969	644
74Co	73	964766	537
74Ni	73	947980	210
74Cu	73	939874.862	6.6
74Zn	73	929407.262	2.7
74Ga	73	926945.726	3.21
74Ge	73	921177.762	0.01
74As	73	923928.598	1.81
74Se	73	922475.935	0.01
74Br	73	929910.281	6.26
74Kr	73	933084.017	2.16
74Rb	73	944265.868	3.24
74Sr	73	956170	107
75Fe	74	985357	644
75Co	74	968170	537
75Ni	74	952732	322
75Cu	74	941522.606	2.5
75Zn	74	932840.246	2.1
75Ga	74	926500.246	2.6
75Ge	74	922858.371	0.05
75As	74	921594.562	0.94
75Se	74	922522.871	0.07
75Br	74	925810.57	4.6
75Kr	74	930945.746	8.7
75Rb	74	938573.201	1.26
75Sr	74	949952.77	236.18
75Y	74	965840	322
76Co	75	973687	644
76Ni	75	955308	429
76Cu	75	945275.025	7.2
76Zn	75	933114.957	1.56
76Ga	75	928827.625	2.1
76Ge	75	921402.726	0.01
76As	75	922392.01	0.95
76Se	75	919213.704	0.01
76Br	75	924541.577	10
76Kr	75	925910.726	4.3
76Rb	75	935073.032	1
76Sr	75	941762.761	37
76Y	75	958690	322
77Co	76	977440	644
77Ni	76	960494	537
77Cu	76	947800	160
77Zn	76	936887.199	2.11
77Ga	76	929154.3	2.6
77Ge	76	923549.844	0.05
77As	76	920647.564	1.81
77Se	76	919914.15	0.06
77Br	76	921379.194	3.01
77Kr	76	924670	2.1
77Rb	76	930401.6	1.4
77Sr	76	937945.455	8.5
77Y	76	950146	218
77Zr	76	965604	429
78Ni	77	963618	644
78Cu	77	952230	540
78Zn	77	938289.205	2.08
78Ga	77	931608.845	2.04
78Ge	77	922852.912	3.79
78As	77	921827.795	10.5
78Se	77	917309.243	0.19
78Br	77	921145.859	3.84
78Kr	77	920366.341	0.32
78Rb	77	928141.868	3.47
78Sr	77	932179.98	8
78Y	77	943990	320
78Zr	77	956146	429
79Ni	78	970402	644
79Cu	78	955190	322
79Zn	78	942638.068	2.38
79Ga	78	932852.301	2
79Ge	78	925360.129	39.91
79As	78	920948.445	5.71
79Se	78	918499.251	0.23
79Br	78	918337.601	1.09
79Kr	78	920082.945	3.74
79Rb	78	923989.864	2.3
79Sr	78	929707.664	9
79Y	78	937930	85
79Zr	78	949790	322
79Nb	78	966022	537
80Ni	79	975706	751
80Cu	79	961138	429
80Zn	79	944552.93	2.77
80Ga	79	936420.774	3.1
80Ge	79	925350.774	2.2
80As	79	922474.548	3.57
80Se	79	916521.785	1.03
80Br	79	918529.81	1.08
80Kr	79	916378.048	0.74
80Rb	79	922516.444	2
80Sr	79	924517.54	3.71
80Y	79	934354.755	6.7
80Zr	79	941642	322
80Nb	79	958754	429
81Cu	80	966269	537
81Zn	80	950402.619	5.4
81Ga	80	938133.842	3.5
81Ge	80	928832.942	2.2
81As	80	922132.29	2.83
81Se	80	917993.044	1.06
81Br	80	916288.206	1.04
81Kr	80	916589.714	1.15
81Rb	80	918993.927	5.26
81Sr	80	923211.394	3.35
81Y	80	929454.283	5.8
81Zr	80	938314	101
81Nb	80	950230	429
81Mo	80	965915	537
82Cu	81	972818	644
82Zn	81	954574.099	3.3
82Ga	81	943176.533	2.6
82Ge	81	929774.033	2.4
82As	81	924738.733	4
82Se	81	916699.537	0.5
82Br	81	916801.76	1.04
82Kr	81	913481.1552	0
82Rb	81	918209.024	3.23
82Sr	81	918399.847	6.43
82Y	81	926930.188	5.9
82Zr	81	931689	12
82Nb	81	944079	322
82Mo	81	956661	429
83Zn	82	961041	322
83Ga	82	947120.301	2.8
83Ge	82	934539.101	2.6
83As	82	925206.901	3
83Se	82	919118.609	3.25
83Br	82	915175.289	4.07
83Kr	82	914126.518	0
83Rb	82	915114.182	2.5
83Sr	82	917554.374	7.33
83Y	82	922484.025	20
83Zr	82	929240.925	6.9
83Nb	82	938211	162
83Mo	82	950252	430
83Tc	82	966377	537
84Zn	83	965722	429
84Ga	83	952670	215
84Ge	83	937575.091	3.4
84As	83	929303.291	3.4
84Se	83	918466.762	2.1
84Br	83	916496.419	27.62
84Kr	83	911497.7286	0
84Rb	83	914375.225	2.35
84Sr	83	913419.12	1.33
84Y	83	920671.061	4.61
84Zr	83	923325.662	5.9
84Nb	83	934279	14
84Mo	83	941846	320
84Tc	83	959527	429
85Zn	84	972914	537
85Ga	84	957220	320
85Ge	84	942969.659	4
85As	84	932163.659	3.3
85Se	84	922260.759	2.8
85Br	84	915645.759	3.3
85Kr	84	912527.262	2.14
85Rb	84	911789.7376	0
85Sr	84	912932.043	3.02
85Y	84	916433.039	20.36
85Zr	84	921443.198	6.9
85Nb	84	928845.837	4.4
85Mo	84	938260.737	17
85Tc	84	950778	429
85Ru	84	966774	537
86Ga	85	963414	429
86Ge	85	946967	470
86As	85	936701.533	3.7
86Se	85	924311.733	2.7
86Br	85	918805.433	3.3
86Kr	85	910610.6263	0
86Rb	85	911167.443	0.21
86Sr	85	909260.7263	0
86Y	85	914886.098	15.18
86Zr	85	916296.815	3.82
86Nb	85	925781.535	5.9
86Mo	85	931174.817	4
86Tc	85	944637	322
86Ru	85	957305	429
87Ga	86	968599	537
87Ge	86	952680	322
87As	86	940291.718	3.2
87Se	86	928688.618	2.4
87Br	86	920674.018	3.4
87Kr	86	913354.759	0.26
87Rb	86	909180.531	0
87Sr	86	908877.4962	0
87Y	86	910876.102	1.21
87Zr	86	914817.339	4.45
87Nb	86	920692.472	7.3
87Mo	86	928196.201	3.06
87Tc	86	938067.187	4.5
87Ru	86	951132	429
88Ge	87	956910	429
88As	87	945550	210
88Se	87	931417.491	3.6
88Br	87	924083.291	3.4
88Kr	87	914447.881	2.8
88Rb	87	911315.591	0.17
88Sr	87	905612.2556	0
88Y	87	909501.276	1.61
88Zr	87	910220.709	5.8
88Nb	87	918224.287	63.13
88Mo	87	921967.781	4.1
88Tc	87	933782.381	160
88Ru	87	941664	322
88Rh	87	960429	429
89Ge	88	963790	429
89As	88	949760	320
89Se	88	936669.059	4
89Br	88	926704.559	3.5
89Kr	88	917835.45	2.3
89Rb	88	912278.137	5.82
89Sr	88	907450.808	0.09
89Y	88	905841.205	1.73
89Zr	88	908882.332	3.31
89Nb	88	913445.272	25.36
89Mo	88	919468.15	4.2
89Tc	88	927648.65	4.1
89Ru	88	937455	320
89Rh	88	950767	387
90Ge	89	968630	537
90As	89	955630	429
90Se	89	940096	354
90Br	89	931292.85	3.6
90Kr	89	919527.93	2
90Rb	89	914798.803	6.96
90Sr	89	907730.885	2.28
90Y	89	907144.8	1.72
90Zr	89	904698.758	0.12
90Nb	89	911259.204	3.56
90Mo	89	913931.272	3.71
90Tc	89	924073.921	1.1
90Ru	89	930344.379	4
90Rh	89	944498	322
90Pd	89	957370	429
91As	90	960390	429
91Se	90	945700	465
91Br	90	934398.618	3.8
91Kr	90	923806.31	2.4
91Rb	90	916537.265	8.37
91Sr	90	910195.958	5.85
91Y	90	907298.066	1.97
91Zr	90	905640.223	0.11
91Nb	90	906990.274	3.14
91Mo	90	911745.195	6.69
91Tc	90	918424.975	2.53
91Ru	90	926741.532	2.38
91Rh	90	937123	320
91Pd	90	950692	430
92As	91	966740	537
92Se	91	949840	429
92Br	91	939631.597	7.2
92Kr	91	926173.094	2.9
92Rb	91	919728.481	6.57
92Sr	91	911038.224	3.67
92Y	91	908945.745	9.79
92Zr	91	905035.322	0.1
92Nb	91	907188.568	1.91
92Mo	91	906807.155	0.16
92Tc	91	915269.779	3.33
92Ru	91	920234.375	2.91
92Rh	91	932367.694	4.7
92Pd	91	941406	322
92Ag	91	960139	537
93Se	92	956290	429
93Br	92	943220	462.5
93Kr	92	931147.174	2.7
93Rb	92	922039.325	8.4
93Sr	92	914024.311	8.1
93Y	92	909578.422	11.25
93Zr	92	906470.646	0.49
93Nb	92	906373.161	1.6
93Mo	92	906808.773	0.19
93Tc	92	910245.149	1.08
93Ru	92	917104.444	2.21
93Rh	92	925912.781	2.82
93Pd	92	936660	323
93Ag	92	950330	430
94Se	93	960490	537
94Br	93	949114	322
94Kr	93	934140.454	13
94Rb	93	926394.818	2.17
94Sr	93	915355.643	1.78
94Y	93	911592.063	6.84
94Zr	93	906312.524	0.17
94Nb	93	907278.992	1.6
94Mo	93	905083.592	0.15
94Tc	93	909652.325	4.37
94Ru	93	911342.863	3.37
94Rh	93	921730.453	3.62
94Pd	93	929036.292	4.6
94Ag	93	943736	429
94Cd	93	956908	537
95Se	94	967300	537
95Br	94	953010	320
95Kr	94	939710.923	20
95Rb	94	929262.568	21.73
95Sr	94	919355.84	6.23
95Y	94	912818.711	7.27
95Zr	94	908040.267	0.93
95Nb	94	906831.115	0.54
95Mo	94	905837.442	0.13
95Tc	94	907652.287	5.45
95Ru	94	910404.42	10.2
95Rh	94	915897.895	4.17
95Pd	94	924888.512	3.25
95Ag	94	936020	320
95Cd	94	949940	430
96Br	95	959030	320
96Kr	95	943016.618	22
96Rb	95	934133.393	3.59
96Sr	95	921712.692	9.09
96Y	95	915902.953	6.53
96Zr	95	908277.621	0.12
96Nb	95	908101.591	0.15
96Mo	95	904674.774	0.12
96Tc	95	907866.681	5.52
96Ru	95	907588.914	0.18
96Rh	95	914451.71	10.73
96Pd	95	918213.744	4.5
96Ag	95	930743.906	96.7
96Cd	95	940340	430
96In	95	959323	537
97Br	96	963440	430
97Kr	96	949088.784	140
97Rb	96	937177.118	2.05
97Sr	96	926374.776	3.63
97Y	96	918280.286	7.21
97Zr	96	910957.386	0.44
97Nb	96	908098.414	4.56
97Mo	96	906016.903	0.17
97Tc	96	906360.723	4.42
97Ru	96	907545.779	2.96
97Rh	96	911327.876	38.07
97Pd	96	916471.987	5.2
97Ag	96	923965.326	118.2
97Cd	96	935100	320
97In	96	949340	430
98Br	97	969672	429
98Kr	320		
98Rb	97	941632.317	17.26
98Sr	97	928691.86	3.46
98Y	97	922388.36	8.51
98Zr	97	912735.124	9.07
98Nb	97	910332.65	5.36
98Mo	97	905403.608	0.18
98Tc	97	907211.205	3.62
98Ru	97	905286.713	6.93
98Rh	97	910707.74	12.78
98Pd	97	912698.337	5.09
98Ag	97	921559.972	35.32
98Cd	97	927389.317	55.6
98In	97	942140	320
99Kr	98	958390	430
99Rb	98	945119.192	4.32
99Sr	98	932880.511	5.08
99Y	98	924154.288	7.11
99Zr	98	916670.835	11.27
99Nb	98	911609.371	12.88
99Mo	98	907707.298	0.24
99Tc	98	906249.678	0.97
99Ru	98	905930.278	0.36
99Rh	98	908124.69	7.18
99Pd	98	911773.29	5.34
99Ag	98	917645.768	6.72
99Cd	98	924925.847	1.7
99In	98	934110	320
99Sn	98	948530	540
100Kr	99	962370	430
100Rb	99	950351.731	21
100Sr	99	935779.615	7.68
100Y	99	927721.063	12
100Zr	99	918005.444	8.74
100Nb	99	914333.963	8.57
100Mo	99	907467.976	0.32
100Tc	99	907652.711	1.45
100Ru	99	904210.452	0.36
100Rh	99	908114.141	19.45
100Pd	99	908520.315	18.93
100Ag	99	916115.445	5.36
100Cd	99	920348.82	1.79
100In	99	930957.18	195.94
100Sn	99	938504.196	323.69
101Kr	100	968730	540
101Rb	100	954004	215
101Sr	100	940606.266	9.1
101Y	100	930154.138	7.61
101Zr	100	921453.11	8.95
101Nb	100	915306.496	4.02
101Mo	100	910337.641	0.33
101Tc	100	907305.26	25.76
101Ru	100	905573.075	0.44
101Rh	100	906158.905	6.27
101Pd	100	908284.828	4.92
101Ag	100	912683.953	5.19
101Cd	100	918586.211	1.6
101In	100	926340	210
101Sn	100	935259.244	322.06
102Rb	101	959520	320
102Sr	101	944004.68	72
102Y	101	934327.889	4.37
102Zr	101	923147.431	9.41
102Nb	101	918083.697	2.73
102Mo	101	910288.138	8.92
102Tc	101	909207.275	9.84
102Ru	101	904340.3	0.44
102Rh	101	906834.27	6.88
102Pd	101	905632.058	0.59
102Ag	101	911704.54	8.77
102Cd	101	914481.799	1.78
102In	101	924105.916	4.9
102Sn	101	930289.53	107.46
103Rb	102	963920	430
103Sr	102	949090	210
103Y	102	937243.208	12.02
103Zr	102	927197.24	9.91
103Nb	102	919453.403	4.22
103Mo	102	913085.14	9.91
103Tc	102	909174.008	10.53
103Ru	102	906314.833	0.47
103Rh	102	905494.068	2.47
103Pd	102	906110.84	1.01
103Ag	102	908960.56	4.4
103Cd	102	913416.923	1.94
103In	102	919878.613	10.33
103Sn	102	928101.962	75.85
103Sb	102	939690	320
104Sr	103	952650	320
104Y	103	941960	430
104Zr	103	929442.315	10.01
104Nb	103	922899.115	2.93
104Mo	103	913740.756	9.57
104Tc	103	911428.905	26.71
104Ru	103	905425.36	2.68
104Rh	103	906645.295	2.47
104Pd	103	904030.401	1.43
104Ag	103	908623.725	4.52
104Cd	103	909856.23	1.79
104In	103	918214.54	6.2
104Sn	103	923105.197	6.16
104Sb	103	936474.502	131.44
105Sr	104	958550	540
105Y	104	944959	1435
105Zr	104	934014.89	13
105Nb	104	924942.564	4.32
105Mo	104	916975.159	9.73
105Tc	104	911657.952	37.85
105Ru	104	907745.525	2.68
105Rh	104	905687.806	2.68
105Pd	104	905079.487	1.22
105Ag	104	906525.607	4.87
105Cd	104	909463.895	1.49
105In	104	914502.324	11
105Sn	104	921268.423	4.26
105Sb	104	931276.549	23.43
105Te	104	943304.508	322.08
106Sr	105	962651	644
106Y	105	950560	540
106Zr	105	937144	465
106Nb	105	928927.768	4.42
106Mo	105	918266.218	9.81
106Tc	105	914356.697	13.15
106Ru	105	907328.203	5.78
106Rh	105	907285.901	5.78
106Pd	105	903480.293	1.18
106Ag	105	906663.507	3.23
106Cd	105	906459.797	1.18
106In	105	913463.603	13.12
106Sn	105	916957.396	5.46
106Sb	105	928637.982	8
106Te	105	937498.526	107.93
107Sr	106	968975	751
107Y	106	954520	540
107Zr	106	941621	1205
107Nb	106	931589.672	8.61
107Mo	106	922112.692	9.91
107Tc	106	915458.485	9.31
107Ru	106	909969.885	9.31
107Rh	106	906747.974	12.93
107Pd	106	905128.064	1.28
107Ag	106	905091.531	2.55
107Cd	106	906612.108	1.78
107In	106	910290.071	11.94
107Sn	106	915713.651	5.7
107Sb	106	924150.624	4.45
107Te	106	935008.356	76.03
107I	106	946935	322
108Y	107	959960	640
108Zr	107	944870	430
108Nb	107	936074.988	8.84
108Mo	107	924040.367	9.91
108Tc	107	918493.541	9.41
108Ru	107	910185.841	9.31
108Rh	107	908714.688	15.02
108Pd	107	903891.805	1.18
108Ag	107	905950.266	2.56
108Cd	107	904183.587	1.2
108In	107	909693.655	9.27
108Sn	107	911894.292	5.77
108Sb	107	922226.734	5.9
108Te	107	929380.471	5.8
108I	107	943478.321	141.98
109Y	108	964358	751
109Zr	108	950410	540
109Nb	108	939141	277.5
109Mo	108	928431.106	12.01
109Tc	108	920254.156	10.38
109Ru	108	913323.756	9.61
109Rh	108	908749.326	4.33
109Pd	108	905950.574	1.19
109Ag	108	904755.773	1.38
109Cd	108	904986.698	1.64
109In	108	907149.685	4.26
109Sn	108	911292.843	8.53
109Sb	108	918141.204	5.65
109Te	108	927304.534	4.7
109I	108	938086.025	7.22
109Xe	108	950434.948	322.17
110Zr	109	953960	640
110Nb	109	943843	900
110Mo	109	930710.68	26
110Tc	109	923741.312	10.19
110Ru	109	914038.548	9.58
110Rh	109	911079.742	19.11
110Pd	109	905172.868	0.65
110Ag	109	906110.719	1.38
110Cd	109	903007.46	0.4
110In	109	907170.665	12.4
110Sn	109	907844.835	14.79
110Sb	109	916854.286	6.4
110Te	109	922458.104	7.05
110I	109	935089.033	54.27
110Xe	109	944258.765	108.41
111Zr	110	959678	751
111Nb	110	947530	320
111Mo	110	935652.016	13.5
111Tc	110	925899.016	11.35
111Ru	110	917567.616	10.39
111Rh	110	911642.531	7.35
111Pd	110	907690.347	0.78
111Ag	110	905296.816	1.56
111Cd	110	904183.766	0.38
111In	110	905107.233	3.67
111Sn	110	907741.126	5.72
111Sb	110	913218.189	9.5
111Te	110	921000.589	6.9
111I	110	930269.239	5.1
111Xe	110	941603.989	93.07
111Cs	110	954030	210
112Zr	111	963703	751
112Nb	111	952470	320
112Mo	111	938310	210
112Tc	111	929941.644	5.92
112Ru	111	918806.972	10.3
112Rh	111	914404.705	47.32
112Pd	111	907329.986	7.02
112Ag	111	907048.55	2.6
112Cd	111	902763.883	0.26
112In	111	905538.704	4.56
112Sn	111	904824.877	0.31
112Sb	111	912399.903	19.14
112Te	111	916727.85	9
112I	111	928004.55	11
112Xe	111	935559.071	8.89
112Cs	111	950305.341	93.17
113Nb	112	956510	430
113Mo	112	943650	322
113Tc	112	932569.033	3.6
113Ru	112	922846.396	39.58
113Rh	112	915439.567	7.65
113Pd	112	910261.267	7.45
113Ag	112	906572.858	17.86
113Cd	112	904408.097	0.26
113In	112	904060.448	0.2
113Sn	112	905175.845	1.69
113Sb	112	909374.652	18.45
113Te	112	915891	30
113I	112	923650.064	8.6
113Xe	112	933221.666	7.34
113Cs	112	944428.488	9.2
113Ba	112	957290	320
114Nb	113	962010	540
114Mo	113	946530	320
114Tc	113	937090	465
114Ru	113	924613.78	3.81
114Rh	113	918721.296	76.82
114Pd	113	910368.78	7.45
114Ag	113	908823.031	4.9
114Cd	113	903364.99	0.29
114In	113	904916.402	0.32
114Sn	113	902780.132	0.03
114Sb	113	909289.191	23.44
114Te	113	912089	30
114I	113	921850	160
114Xe	113	927980.331	12
114Cs	113	941296.175	76.33
114Ba	113	950718.495	110.22
115Nb	114	966340	540
115Mo	114	951960	430
115Tc	114	939538	847.5
115Ru	114	928942.393	95
115Rh	114	920310.993	7.85
115Pd	114	913658.718	14.54
115Ag	114	908767.363	19.61
115Cd	114	905437.417	0.69
115In	114	903878.773	0.01
115Sn	114	903344.697	0.01
115Sb	114	906598	17.2
115Te	114	911902	30
115I	114	918048	31
115Xe	114	926293.945	13
115Cs	114	935910	110
115Ba	114	947375	215
116Mo	115	955448	537
116Tc	115	944760	320
116Ru	115	931219.193	4
116Rh	115	924061.645	79.26
116Pd	115	914297.21	7.65
116Ag	115	911386.812	3.5
116Cd	115	904763.23	0.17
116In	115	905259.992	0.23
116Sn	115	901742.824	0.1
116Sb	115	906792.583	5.53
116Te	115	908460	30
116I	115	916808.658	103.69
116Xe	115	921581.112	14
116Cs	115	933395	108
116Ba	115	941406	215
116La	115	956365	335
117Mo	116	961170	537
117Tc	116	948060	430
117Ru	116	936135	465
117Rh	116	926035.623	9.54
117Pd	116	917954.944	7.78
117Ag	116	911773.974	14.57
117Cd	116	907226.038	1.08
117In	116	904515.712	5.23
117Sn	116	902954.017	0.51
117Sb	116	904841.535	9.05
117Te	116	908646.313	14.44
117I	116	913648.314	28.12
117Xe	116	920358.76	11.14
117Cs	116	928616.726	67
117Ba	116	938316.561	268.75
117La	116	950111	215
118Mo	117	964970	537
118Tc	117	952990	430
118Ru	117	938529	215
118Rh	117	930340.443	26.01
118Pd	117	919066.847	2.67
118Ag	117	914595.487	2.7
118Cd	117	906921.955	21.47
118In	117	906356.659	8.32
118Sn	117	901606.609	0.53
118Sb	117	905532.174	3.23
118Te	117	905853.839	19.84
118I	117	913074	21.21
118Xe	117	916178.68	11.14
118Cs	117	926559.519	13.69
118Ba	117	933060	210
118La	117	946795	322
119Tc	118	956660	540
119Ru	118	943570	320
119Rh	118	932556.952	10
119Pd	118	923340.459	8.85
119Ag	118	915570.293	15.78
119Cd	118	909846.903	40.46
119In	118	905850.944	7.84
119Sn	118	903311.216	0.77
119Sb	118	903945.512	8.26
119Te	118	906407.148	8.54
119I	118	910074	30
119Xe	118	915410.713	11.14
119Cs	118	922377.33	14.96
119Ba	118	930659.686	214.99
119La	118	941181	322
119Ce	118	952828	537
120Tc	119	961870	540
120Ru	119	946310	430
120Rh	119	936860	210
120Pd	119	924551.258	2.45
120Ag	119	918784.767	4.8
120Cd	119	909868.067	4
120In	119	907966.805	42.95
120Sn	119	902201.873	0.96
120Sb	119	905079.624	7.72
120Te	119	904059.514	3.31
120I	119	910087.465	16.44
120Xe	119	911784.27	12.68
120Cs	119	920677.279	10.7
120Ba	119	926045	322.24
120La	119	938196	322
120Ce	119	946752	537
121Tc	120	965883	537
121Ru	120	951640	430
121Rh	120	939613	665
121Pd	120	928950.343	3.6
121Ag	120	920125.282	13
121Cd	120	912963.663	2.08
121In	120	907851.286	29.43
121Sn	120	904242.792	1.02
121Sb	120	903810.093	2.77
121Te	120	904942.488	27.75
121I	120	907405.255	5.74
121Xe	120	911453.014	10.99
121Cs	120	917227.238	15.34
121Ba	120	924052.289	152.33
121La	120	933236	322
121Ce	120	943435	430
121Pr	120	955532	537
122Ru	121	954750	537
122Rh	121	944090	322
122Pd	121	930631.694	21
122Ag	121	923664.448	41
122Cd	121	913459.052	2.46
122In	121	910280.966	53.73
122Sn	121	903444.001	2.57
122Sb	121	905168.074	2.76
122Te	121	903043.434	1.61
122I	121	907588.82	5.6
122Xe	121	908367.658	11.92
122Cs	121	916108.145	36.16
122Ba	121	919904	30
122La	121	930710	320
122Ce	121	937870	430
122Pr	121	951927	537
123Ru	122	960193	537
123Rh	122	947010	429
123Pd	122	935126	847.5
123Ag	122	925337.062	33
123Cd	122	916892.453	2.89
123In	122	910433.826	21.28
123Sn	122	905725.446	2.59
123Sb	122	904214.016	1.61
123Te	122	904269.747	1.61
123I	122	905588.52	4.01
123Xe	122	908481.75	10.23
123Cs	122	912996.062	13
123Ba	122	918781.062	13
123La	122	926300	210
123Ce	122	935280	320
123Pr	122	946076	429
124Ru	123	963542	644
124Rh	123	951809	429
124Pd	123	937316	320
124Ag	123	928931.229	270
124Cd	123	917657.363	3.21
124In	123	913182.263	32.82
124Sn	123	905276.692	1.08
124Sb	123	905935.789	1.61
124Te	123	902817.064	1.61
124I	123	906209.021	2.56
124Xe	123	905891.588	1.92
124Cs	123	912257.798	8.91
124Ba	123	915093.629	13.41
124La	123	924574.275	60.83
124Ce	123	930310	320
124Pr	123	942940	430
124Nd	123	952200	540
125Rh	124	954911	537
125Pd	124	941900	429
125Ag	124	930735	465
125Cd	124	921257.577	3.09
125In	124	913604.591	29.01
125Sn	124	907786.442	1.1
125Sb	124	905252.987	2.79
125Te	124	904429.9	1.61
125I	124	904629.333	1.61
125Xe	124	906394.05	1.97
125Cs	124	909727.867	8.31
125Ba	124	914471.843	11.8
125La	124	920815.932	27.9
125Ce	124	928440	210
125Pr	124	937799	322
125Nd	124	948900	430
126Rh	125	959957	537
126Pd	125	944326	429
126Ag	125	934857	215
126Cd	125	922429.127	2.65
126In	125	916507.344	28.9
126Sn	125	907658.836	11.21
126Sb	125	907253.036	34.1
126Te	125	903310.866	1.61
126I	125	905623.313	4.08
126Xe	125	904296.794	3.75
126Cs	125	909445.655	11.16
126Ba	125	911250.204	13.41
126La	125	919512.667	97.16
126Ce	125	923971	30
126Pr	125	935240	210
126Nd	125	943110	320
126Pm	125	957756	537
127Rh	126	963467	644
127Pd	126	949350	537
127Ag	126	937262	215
127Cd	126	926196.624	13
127In	126	917448.546	22.71
127Sn	126	910390.401	10.79
127Sb	126	906924.277	5.5
127Te	126	905225.714	1.62
127I	126	904471.838	3.91
127Xe	126	905182.899	4.41
127Cs	126	907417.381	5.98
127Ba	126	911091.275	12.19
127La	126	916375.084	27.91
127Ce	126	922727	31
127Pr	126	930710	210
127Nd	126	940380	320
127Pm	126	951920	430
128Pd	127	952238	537
128Ag	127	941363	322
128Cd	127	927812.857	7.77
128In	127	920401.053	164.76
128Sn	127	910507.197	18.95
128Sb	127	909145.645	20.52
128Te	127	904461.311	0.92
128I	127	905808.6	3.91
128Xe	127	903530.996	1.13
128Cs	127	907748.648	5.84
128Ba	127	908342.408	5.57
128La	127	915592.123	58.45
128Ce	127	918911	30
128Pr	127	928791	32
128Nd	127	935250	210
128Pm	127	948700	320
128Sm	127	958486	537
129Pd	128	959624	644
129Ag	128	944197	429
129Cd	128	932304.399	18
129In	128	921805.486	2.89
129Sn	128	913482.102	18.54
129Sb	128	909146.696	22.79
129Te	128	906596.492	0.93
129I	128	904983.687	3.4
129Xe	128	904780.8589	0
129Cs	128	906065.69	4.88
129Ba	128	908680.896	11.35
129La	128	912694.475	22.92
129Ce	128	918102	30
129Pr	128	925095	32
129Nd	128	933102	217
129Pm	128	943230	320
129Sm	128	954911	537
130Ag	129	950942	537
130Cd	129	934387.566	24
130In	129	924977.288	40.84
130Sn	129	913974.533	2.01
130Sb	129	911662.688	15.25
130Te	129	906222.747	0.01
130I	129	906670.211	3.4
130Xe	129	903509.349	0.01
130Cs	129	906709.283	8.97
130Ba	129	906320.874	2.74
130La	129	912369.413	27.85
130Ce	129	914736	30
130Pr	129	923590	69
130Nd	129	928506	30
130Pm	129	940530	210
130Sm	129	949000	430
130Eu	129	963840	537
131Ag	130	956650	537
131Cd	130	940720	110
131In	130	926972.122	2.9
131Sn	130	917053.066	3.88
131Sb	130	911989.341	2.23
131Te	130	908522.211	0.06
131I	130	906126.384	0.64
131Xe	130	905084.136	0
131Cs	130	905464.999	5.34
131Ba	130	906941.181	2.75
131La	130	910070	30
131Ce	130	914429.465	35.21
131Pr	130	920234.96	50.45
131Nd	130	927248.02	29.54
131Pm	130	935952	215
131Sm	130	946180	430
131Eu	130	957842	430
132Ag	131	963725	537
132Cd	131	946040	210
132In	131	932998.449	64.44
132Sn	131	917823.902	2.12
132Sb	131	914508.015	2.64
132Te	131	908546.716	3.74
132I	131	907993.514	4.36
132Xe	131	904155.087	0
132Cs	131	906437.743	1.11
132Ba	131	905061.098	1.13
132La	131	910118.959	39.03
132Ce	131	911463.846	21.94
132Pr	131	919240	31
132Nd	131	923321.237	25.98
132Pm	131	933840	160
132Sm	131	940870	320
132Eu	131	954696	429
133Cd	132	952850	320
133In	132	938310	210
133Sn	132	923913.756	2.04
133Sb	132	915272.13	3.35
133Te	132	910963.332	2.21
133I	132	907827.361	6.9
133Xe	132	905910.75	2.57
133Cs	132	905451.961	0
133Ba	132	906007.325	1.06
133La	132	908218	30
133Ce	132	911520.402	17.55
133Pr	132	916330.561	13.41
133Nd	132	922348	50
133Pm	132	929782	54
133Sm	132	938560	320
133Eu	132	949290	320
133Gd	132	961503	537
134Cd	133	958218	429
134In	133	944540	320
134Sn	133	928680.433	3.4
134Sb	133	920535.675	1.83
134Te	133	911396.379	2.94
134I	133	909775.663	5.21
134Xe	133	905393.033	0.01
134Cs	133	906718.503	0.01
134Ba	133	904508.399	0.32
134La	133	908514.011	21.39
134Ce	133	908928.142	21.88
134Pr	133	915696.729	21.81
134Nd	133	918790.21	12.68
134Pm	133	928353	62
134Sm	133	934110	210
134Eu	133	946400	320
134Gd	133	955660	430
135In	134	950050	430
135Sn	134	934908.605	3.3
135Sb	134	925184.357	2.83
135Te	134	916554.718	1.84
135I	134	910059.382	2.21
135Xe	134	907231.661	3.99
135Cs	134	905977.234	1.06
135Ba	134	905688.606	0.32
135La	134	906984.568	10.12
135Ce	134	909160.799	11.02
135Pr	134	913111.774	12.68
135Nd	134	918181.32	20.53
135Pm	134	924796	81
135Sm	134	932520	166
135Eu	134	941870	210
135Gd	134	952345	429
135Tb	134	964760	430
136In	135	956511	429
136Sn	135	939990	320
136Sb	135	930749.011	6.25
136Te	135	920101.182	2.44
136I	135	914604.695	15.23
136Xe	135	907214.476	0
136Cs	135	907311.59	2.02
136Ba	135	904575.959	0.32
136La	135	907634.962	57.08
136Ce	135	907129.438	0.43
136Pr	135	912677.532	12.29
136Nd	135	914976.064	12.68
136Pm	135	923595.949	74.15
136Sm	135	928275.555	13.41
136Eu	135	939620	210
136Gd	135	947300	320
136Tb	135	961213	537
137In	136	962383	537
137Sn	136	946550	430
137Sb	136	935522.522	56
137Te	136	925599.357	2.25
137I	136	918028.18	9
137Xe	136	911557.773	0.11
137Cs	136	907089.464	0.38
137Ba	136	905827.375	0.33
137La	136	906450.618	1.78
137Ce	136	907762.596	0.46
137Pr	136	910679.304	8.73
137Nd	136	914562.448	12.6
137Pm	136	920479.522	14
137Sm	136	926970.517	45.51
137Eu	136	935430.722	4.7
137Gd	136	945020	320
137Tb	136	956020	430
138Sn	137	951840	540
138Sb	137	941792	1142.5
138Te	137	929472.454	4.06
138I	137	922726.394	6.4
138Xe	137	914146.271	3.01
138Cs	137	911017.207	9.83
138Ba	137	905247.229	0.33
138La	137	907117.834	3.42
138Ce	137	905988.743	5.29
138Pr	137	910752.059	11.96
138Nd	137	911949.717	12.45
138Pm	137	919548.077	29.77
138Sm	137	923243.99	12.68
138Eu	137	933709	30
138Gd	137	940096	210
138Tb	137	953120	320
138Dy	137	962500	540
139Sn	138	958733	537
139Sb	138	946550	430
139Te	138	935367.193	3.8
139I	138	926493.403	4.3
139Xe	138	918792.203	2.3
139Cs	138	913363.992	3.37
139Ba	138	908841.334	0.34
139La	138	906358.804	2.15
139Ce	138	906657.625	7.76
139Pr	138	908943.27	8.38
139Nd	138	911954.407	29.63
139Pm	138	916799.806	14.59
139Sm	138	922296.634	11.68
139Eu	138	929792.31	14.11
139Gd	138	938130	210
139Tb	138	948330	320
139Dy	138	959590	540
140Sb	139	952830	640
140Te	139	939262.917	67
140I	139	931715.917	13
140Xe	139	921645.817	2.5
140Cs	139	917283.305	8.8
140Ba	139	910606.666	8.51
140La	139	909483.184	2.15
140Ce	139	905446.424	1.71
140Pr	139	909083.592	6.66
140Nd	139	909544.332	3.7
140Pm	139	916034.122	26.02
140Sm	139	918994.717	13.41
140Eu	139	928087.637	55.32
140Gd	139	933674	30
140Tb	139	945805.049	859.35
140Dy	139	954020	430
140Ho	139	968589	540
141Sb	140	958014	537
141Te	140	945800	430
141I	140	935666.084	17
141Xe	140	926787.184	3.1
141Cs	140	920045.086	9.87
141Ba	140	914403.5	5.71
141La	140	910969.222	4.52
141Ce	140	908283.987	1.71
141Pr	140	907658.403	1.78
141Nd	140	909615.488	3.5
141Pm	140	913555.084	15
141Sm	140	918481.591	9.16
141Eu	140	924931.745	13.56
141Gd	140	932126	21.21
141Tb	140	941448	113
141Dy	140	951280	320
141Ho	140	963108	430
142Te	141	950220	540
142I	141	941202	402
142Xe	141	929973.098	2.9
142Cs	141	924299.512	7.58
142Ba	141	916432.888	6.35
142La	141	914090.454	6.77
142Ce	141	909249.884	2.69
142Pr	141	910050.44	1.78
142Nd	141	907728.895	1.46
142Pm	141	912890.428	25.33
142Sm	141	915204.532	3.3
142Eu	141	923441.836	32.37
142Gd	141	928116	30
142Tb	141	939280.859	752.07
142Dy	141	946194	782
142Ho	141	960010	430
142Er	141	969909	537
143Te	142	956760	540
143I	142	945646	215
143Xe	142	935369.553	5
143Cs	142	927347.348	8.13
143Ba	142	920625.15	7.25
143La	142	916079.422	7.86
143Ce	142	912391.63	2.69
143Pr	142	910822.564	2.03
143Nd	142	909819.887	1.46
143Pm	142	910938.073	3.21
143Sm	142	914634.821	3.01
143Eu	142	920298.681	11.79
143Gd	142	926750.682	215.03
143Tb	142	935137.335	55
143Dy	142	943994.335	14
143Ho	142	954860	320
143Er	142	966441	429
144I	143	951390	430
144Xe	143	938945.079	5.7
144Cs	143	932075.404	21.61
144Ba	143	922954.821	7.66
144La	143	919645.589	13.88
144Ce	143	913652.83	3.09
144Pr	143	913310.75	2.96
144Nd	143	910092.865	1.46
144Pm	143	912596.224	3.18
144Sm	143	912006.373	1.66
144Eu	143	918819.517	11.58
144Gd	143	922963	30
144Tb	143	933045	30
144Dy	143	939269.514	7.7
144Ho	143	952109.714	9.1
144Er	143	960700	210
144Tm	143	976104	429
145I	144	956050	540
145Xe	144	944719.634	12
145Cs	144	935528.93	9.73
145Ba	144	927518.4	9.1
145La	144	921808.066	13.17
145Ce	144	917265.144	36.39
145Pr	144	914518.033	7.69
145Nd	144	912579.199	1.48
145Pm	144	912755.773	3.06
145Sm	144	913417.244	1.69
145Eu	144	916272.668	3.33
145Gd	144	921710.37	21.15
145Tb	144	928729.105	117.2
145Dy	144	937473.994	7
145Ho	144	947267.394	8
145Er	144	957874	215
145Tm	144	970389	210
146Xe	145	948518.248	26
146Cs	145	940621.87	3.1
146Ba	145	930276.431	22.39
146La	145	925871.468	36.08
146Ce	145	918802.065	17.5
146Pr	145	917679.549	37.37
146Nd	145	913122.503	1.48
146Pm	145	914702.286	4.62
146Sm	145	913046.881	3.31
146Eu	145	917210.909	6.46
146Gd	145	918318.548	4.4
146Tb	145	927252.768	48.16
146Dy	145	932844.529	7.18
146Ho	145	944993.506	7.07
146Er	145	952418.359	7.19
146Tm	145	966661	215
147Xe	146	954525	215
147Cs	146	944261.515	9
147Ba	146	935303.9	21.2
147La	146	928417.8	11.5
147Ce	146	922689.903	9.21
147Pr	146	919007.458	17.02
147Nd	146	916106.01	1.49
147Pm	146	915144.638	1.5
147Sm	146	914904.064	1.47
147Eu	146	916752.276	2.82
147Gd	146	919100.987	2.1
147Tb	146	924054.62	8.69
147Dy	146	931082.715	9.5
147Ho	146	940142.295	5.36
147Er	146	949964.458	41
147Tm	146	961379.89	7.34
148Xe	147	958561	322
148Cs	147	949639.029	14
148Ba	147	938170.578	67.71
148La	147	932679.4	20.9
148Ce	147	924424.196	12.01
148Pr	147	922130.015	16.14
148Nd	147	916899.093	2.28
148Pm	147	917481.255	6.14
148Sm	147	914829.012	1.46
148Eu	147	918089.294	10.74
148Gd	147	918121.503	1.66
148Tb	147	924275.323	13.38
148Dy	147	927149.772	9.36
148Ho	147	937743.928	90
148Er	147	944735.029	11
148Tm	147	958384.029	11
148Yb	147	967439	429
149Cs	148	953569	429
149Ba	148	942973	470
149La	148	935351.26	214.99
149Ce	148	928426.9	11
149Pr	148	923736.1	10.6
149Nd	148	920154.648	2.28
149Pm	148	918341.658	2.43
149Sm	148	917191.375	1.4
149Eu	148	917937.086	4.24
149Gd	148	919347.831	3.6
149Tb	148	923253.753	3.93
149Dy	148	927325.448	9.89
149Ho	148	933819.672	12.87
149Er	148	942306	30
149Tm	148	952890	210
149Yb	148	964360	322
150Cs	149	959023	429
150Ba	149	946430	322
150La	149	939742	467.5
150Ce	149	930384.035	12.55
150Pr	149	926676.415	9.67
150Nd	149	920901.525	1.38
150Pm	149	920990.217	21.51
150Sm	149	917282.195	1.36
150Eu	149	919707.229	6.71
150Gd	149	918664.066	6.52
150Tb	149	923664.864	7.92
150Dy	149	925593.08	4.66
150Ho	149	933498.358	15.21
150Er	149	937915.528	18.45
150Tm	149	950090	210
150Yb	149	958520	322
150Lu	149	973548	322
151Cs	150	963253	537
151Ba	150	951755	429
151La	150	942769	467.5
151Ce	150	934272.2	19
151Pr	150	928309.114	12.5
151Nd	150	923839.565	1.38
151Pm	150	921216.817	4.99
151Sm	150	919939.066	1.36
151Eu	150	919856.86	1.42
151Gd	150	920355.109	3.28
151Tb	150	923109.001	4.44
151Dy	150	926191.253	3.53
151Ho	150	931698.177	8.91
151Er	150	937448.567	17.68
151Tm	150	945493.201	20.84
151Yb	150	955402.458	322.59
151Lu	150	967677	322
152Cs	151	968942	537
152Ba	151	955222	429
152La	151	947085	322
152Ce	151	936682	215
152Pr	151	931552.9	19.9
152Nd	151	924691.509	26.28
152Pm	151	923505.481	27.81
152Sm	151	919739.04	1.3
152Eu	151	921751.235	1.42
152Gd	151	919798.822	1.29
152Tb	151	924082.263	42.96
152Dy	151	924725.363	4.96
152Ho	151	931717.465	13.45
152Er	151	935050.169	9.47
152Tm	151	944476	58
152Yb	151	950326.7	160.71
152Lu	151	964120	210
153Ba	152	960848	429
153La	152	950553	322
153Ce	152	941052	215
153Pr	152	933903.532	12.75
153Nd	152	927717.949	2.94
153Pm	152	924156.436	9.73
153Sm	152	922103.969	1.3
153Eu	152	921237.043	1.42
153Gd	152	921757.359	1.29
153Tb	152	923441.978	4.28
153Dy	152	925771.992	4.34
153Ho	152	930206.632	5.46
153Er	152	935084.279	10
153Tm	152	942057.244	12.86
153Yb	152	949320	210
153Lu	152	958805.054	161.06
153Hf	152	970692	322
154Ba	153	964766	537
154La	153	955416	322
154Ce	153	943940	215
154Pr	153	937621.738	121.32
154Nd	153	929333.977	56.51
154Pm	153	926449.364	49.73
154Sm	153	922216.164	1.56
154Eu	153	922985.955	1.44
154Gd	153	920873.398	1.28
154Tb	153	924684.106	48.64
154Dy	153	924429.028	7.99
154Ho	153	930606.841	8.83
154Er	153	932790.743	5.35
154Tm	153	941570.067	15.47
154Yb	153	946395.701	18.55
154Lu	153	957364	211
154Hf	153	964927	322
155La	154	959280	429
155Ce	154	948706	322
155Pr	154	940509.259	18.46
155Nd	154	933135.668	9.82
155Pm	154	928137.024	5.06
155Sm	154	924647.051	1.59
155Eu	154	922900.102	1.5
155Gd	154	922629.796	1.27
155Tb	154	923509.921	10.57
155Dy	154	925758.459	10.37
155Ho	154	929103.634	18.75
155Er	154	933215.684	6.54
155Tm	154	939209.578	10.65
155Yb	154	945783.217	17.82
155Lu	154	954326.011	20.66
155Hf	154	963317	320
155Ta	154	974312	322
156La	155	964519	429
156Ce	155	951884	322
156Pr	155	944640	215
156Nd	155	935078.868	214.74
156Pm	155	931117.49	3.89
156Sm	155	925538.511	9.17
156Eu	155	924763.285	3.85
156Gd	155	922130.562	1.27
156Tb	155	924754.43	4.09
156Dy	155	924284.038	1.28
156Ho	155	929705.436	64.42
156Er	155	931065.89	26.44
156Tm	155	938985.597	15.32
156Yb	155	942816.893	9.99
156Lu	155	953086.606	58.1
156Hf	155	959401.889	160.77
156Ta	155	972237	320
157Ce	156	957133	429
157Pr	156	947890	322
157Nd	156	939386.037	26.75
157Pm	156	933121.37	7.52
157Sm	156	928418.673	4.75
157Eu	156	925432.791	4.57
157Gd	156	923967.87	1.27
157Tb	156	924032.328	1.31
157Dy	156	925469.667	5.55
157Ho	156	928251.999	25.19
157Er	156	931922.655	28.45
157Tm	156	936973	30
157Yb	156	942649.23	11.72
157Lu	156	950144.045	12.96
157Hf	156	958236	210
157Ta	156	968230.251	161.1
157W	156	979098	429
158Ce	157	960644	429
158Pr	157	952410	322
158Nd	157	941970	215
158Pm	157	936565.121	14.44
158Sm	157	929950.979	5.25
158Eu	157	927798.581	11
158Gd	157	924111.646	1.27
158Tb	157	925420.166	1.5
158Dy	157	924414.597	2.53
158Ho	157	928944.692	29.1
158Er	157	929893.474	27.07
158Tm	157	936979.525	27.07
158Yb	157	939870.534	8.58
158Lu	157	949315.626	16.23
158Hf	157	954801.222	18.78
158Ta	157	966541	210
158W	157	974629	322
159Pr	158	955890	429
159Nd	158	946530	322
159Pm	158	939286.479	10.77
159Sm	158	933217.202	6.36
159Eu	158	929099.612	4.64
159Gd	158	926396.267	1.27
159Tb	158	925353.933	1.34
159Dy	158	925746.023	1.64
159Ho	158	927718.768	3.31
159Er	158	930690.875	3.94
159Tm	158	934975	30
159Yb	158	940054.787	19.1
159Lu	158	946635.615	40.43
159Hf	158	953995.838	18.04
159Ta	158	963028.052	21.13
159W	158	972845	320
159Re	158	984171	327
160Pr	159	960794	429
160Nd	159	949400	322
160Pm	159	943100	215
160Sm	159	935335.286	6.37
160Eu	159	931850.916	10.19
160Gd	159	927061.537	1.37
160Tb	159	927174.778	1.35
160Dy	159	925203.244	0.82
160Ho	159	928735.204	16.12
160Er	159	929077.13	26.03
160Tm	159	935263.106	36.78
160Yb	159	937559.763	7.76
160Lu	159	946033	61
160Hf	159	950682.513	10.24
160Ta	159	961541.679	58.31
160W	159	968516.753	160.84
160Re	159	982030	320
161Nd	160	954280	429
161Pm	160	946070	320
161Sm	160	939160.143	7.31
161Eu	160	933664.066	11.16
161Gd	160	929676.602	1.74
161Tb	160	927577.001	1.44
161Dy	160	926939.088	0.82
161Ho	160	927860.759	2.4
161Er	160	930003.191	9.42
161Tm	160	933549	30
161Yb	160	937906.846	16.48
161Lu	160	943572	30
161Hf	160	950279.151	24.2
161Ta	160	958369.031	26.17
161W	160	967197	210
161Re	160	977627.121	160.94
161Os	160	989287	429
162Nd	161	957541	429
162Pm	161	950220	322
162Sm	161	941460	210
162Eu	161	936979.303	37.81
162Gd	161	930992.146	4.3
162Tb	161	929493.955	39.04
162Dy	161	926804.168	0.82
162Ho	161	929101.485	3.39
162Er	161	928786.96	0.88
162Tm	161	934000.872	27.97
162Yb	161	935773.771	16.48
162Lu	161	943282.776	80.55
162Hf	161	947214.896	9.62
162Ta	161	957294.202	56.07
162W	161	963500.347	18.95
162Re	161	975844	210
162Os	161	984498	322
163Pm	162	953570	429
163Sm	162	945550	320
163Eu	162	939360.977	70.36
163Gd	162	934176.832	9.04
163Tb	162	930653.261	4.37
163Dy	162	928736.879	0.82
163Ho	162	928739.921	0.82
163Er	162	930039.567	4.98
163Tm	162	932657.941	5.93
163Yb	162	936339.8	16.49
163Lu	162	941179	30
163Hf	162	947113.258	26.59
163Ta	162	954337.195	40.86
163W	162	962524.511	56.63
163Re	162	972085.441	19.89
163Os	162	982617	320
164Pm	163	958271	429
164Sm	163	948360	320
164Eu	163	942693	122
164Gd	163	935830	110
164Tb	163	933356.559	107.35
164Dy	163	929180.472	0.82
164Ho	163	930239.483	1.63
164Er	163	929207.392	0.83
164Tm	163	933543.281	26.18
164Yb	163	934495.103	16.49
164Lu	163	941339	30
164Hf	163	944370.544	16.98
164Ta	163	953534	30
164W	163	958952.222	10.38
164Re	163	970507.124	58.56
164Os	163	978075.966	160.94
164Ir	163	992116	338
165Sm	164	952970	430
165Eu	164	945546	148
165Gd	164	939395	130
165Tb	164	934980	110
165Dy	164	931709.054	0.82
165Ho	164	930328.047	1.08
165Er	164	930733.198	1.03
165Tm	164	932442.269	1.79
165Yb	164	935270.241	28.49
165Lu	164	939406.758	28.49
165Hf	164	944567	30
165Ta	164	950780.303	14.88
165W	164	958280.974	26.81
165Re	164	967085.375	25.32
165Os	164	976602	210
165Ir	164	987555	170
166Sm	165	956275	429
166Eu	165	949320	384
166Gd	165	941460	210
166Tb	165	937858.119	75.15
166Dy	165	932812.461	0.93
166Ho	165	932290.139	1.08
166Er	165	930299.023	1.25
166Tm	165	933560.092	12.45
166Yb	165	933874.249	7.62
166Lu	165	939859	32
166Hf	165	942180	30
166Ta	165	950512	30
166W	165	955031.346	10.17
166Re	165	965760.94	77.62
166Os	165	972698.141	19.28
166Ir	165	985664	210
166Pt	165	994923	322
167Eu	166	952753	429
167Gd	166	945450	320
167Tb	166	939960	210
167Dy	166	935661.823	64.65
167Ho	166	933138.994	5.61
167Er	166	932054.119	1.25
167Tm	166	932856.635	1.39
167Yb	166	934953.337	4.27
167Lu	166	938270	34
167Hf	166	942600	30
167Ta	166	948093	30
167W	166	954805.873	19.6
167Re	166	962607	43
167Os	166	971548.938	78.02
167Ir	166	981671.981	19.69
167Pt	166	992901	325
168Eu	167	957337	537
168Gd	167	948080	430
168Tb	167	943400	320
168Dy	167	937133.716	150.3
168Ho	167	935521.676	32.23
168Er	167	932376.192	1.25
168Tm	167	934177.868	1.83
168Yb	167	933889.106	1.28
168Lu	167	938735.139	42.15
168Hf	167	940568	30
168Ta	167	948047	30
168W	167	951805.262	14.24
168Re	167	961572.608	33.08
168Os	167	967798.812	10.63
168Ir	167	979960.981	59.27
168Pt	167	988183.004	160.97
169Gd	168	952600	540
169Tb	168	945970	320
169Dy	168	940313.971	322.78
169Ho	168	936878.63	21.53
169Er	168	934596.353	1.26
169Tm	168	934218.35	0.87
169Yb	168	935182.016	1.29
169Lu	168	937643.653	3.47
169Hf	168	941259	30
169Ta	168	946011	30
169W	168	951778.677	16.57
169Re	168	958765.991	12.21
169Os	168	967017.833	27.01
169Ir	168	976281.287	25.02
169Pt	168	986567	210
169Au	168	998080	320
170Gd	169	955577	640
170Tb	169	949840	430
170Dy	169	942390	210
170Ho	169	939625.289	53.7
170Er	169	935470.673	1.65
170Tm	169	935806.507	0.85
170Yb	169	934767.245	0.01
170Lu	169	938479.234	18.08
170Hf	169	939609	30
170Ta	169	946175	30
170W	169	949231.2	14.16
170Re	169	958224.966	24.8
170Os	169	963578.673	10.49
170Ir	169	974922	95
170Pt	169	982502.095	19.58
170Au	169	995972	211
171Tb	170	952730	540
171Dy	170	946120	320
171Ho	170	941471.49	644.12
171Er	170	938036.148	1.67
171Tm	170	936435.126	1.04
171Yb	170	936331.517	0.01
171Lu	170	937918.66	1.99
171Hf	170	940492	31
171Ta	170	944476	30
171W	170	949451	30
171Re	170	955716	30
171Os	170	963175.348	19.13
171Ir	170	971645.522	41.29
171Pt	170	981245.502	78.09
171Au	170	991881.542	22.23
171Hg	171	003736	325
172Tb	171	957219	540
172Dy	171	948460	320
172Ho	171	944730	210
172Er	171	939362.344	4.3
172Tm	171	938406.067	5.9
172Yb	171	936386.658	0.01
172Lu	171	939091.417	2.5
172Hf	171	939449.716	26.22
172Ta	171	944895	30
172W	171	947292	30
172Re	171	955408.079	41.86
172Os	171	960017.088	13.72
172Ir	171	970607.036	34.78
172Pt	171	977340.788	11.13
172Au	171	989996.708	60.28
172Hg	171	998863.391	161.11
173Dy	172	952830	430
173Ho	172	947020	320
173Er	172	942400	210
173Tm	172	939606.632	4.72
173Yb	172	938216.215	0.01
173Lu	172	938935.822	1.68
173Hf	172	940513	30
173Ta	172	943750	30
173W	172	947689	30
173Re	172	953243	30
173Os	172	959808.375	16.05
173Ir	172	967505.496	11.83
173Pt	172	976443.315	60.09
173Au	172	986223.808	24.45
173Hg	172	997091	210
174Dy	173	955587	540
174Ho	173	950950	320
174Er	173	944230	320
174Tm	173	942174.064	48.01
174Yb	173	938867.548	0.01
174Lu	173	940342.938	1.68
174Hf	173	940048.48	2.42
174Ta	173	944454	30
174W	173	946079	30
174Re	173	953115	30
174Os	173	957063.152	11
174Ir	173	966866.676	26.11
174Pt	173	972819.832	11.11
174Au	173	984718	95
174Hg	173	992870.583	20.62
175Ho	174	953620	430
175Er	174	947770	430
175Tm	174	943842.313	53.67
175Yb	174	941281.91	0.07
175Lu	174	940777.308	1.29
175Hf	174	941511.527	2.44
175Ta	174	943737	30
175W	174	946717	30
175Re	174	951381	30
175Os	174	956945.105	12.64
175Ir	174	964149.521	13.29
175Pt	174	972395.457	19.52
175Au	174	981316.085	41.48
175Hg	174	991441.086	78.25
176Ho	175	957820	540
176Er	175	949940	430
176Tm	175	946997.711	107.35
176Yb	175	942574.708	0.01
176Lu	175	942691.809	1.3
176Hf	175	941409.905	1.59
176Ta	175	944857	33
176W	175	945634	30
176Re	175	951623	30
176Os	175	954806	30
176Ir	175	963630.119	17.98
176Pt	175	968938.214	13.66
176Au	175	980116.927	35.62
176Hg	175	987348.335	11.93
176Tl	176	624.367	80.6
177Er	176	953990	540
177Tm	176	949040	320
177Yb	176	945263.848	0.23
177Lu	176	943763.668	1.31
177Hf	176	943230.32	1.51
177Ta	176	944482.073	3.55
177W	176	946643	30
177Re	176	950328	30
177Os	176	954957.882	15.68
177Ir	176	961301.5	21.21
177Pt	176	968469.529	16.09
177Au	176	976870.379	11.26
177Hg	176	986277.376	80.57
177Tl	176	996413.797	23.21
178Er	177	956779	640
178Tm	177	952640	430
178Yb	177	946649.71	10.73
178Lu	177	945960.162	2.41
178Hf	177	943708.456	1.51
178Ta	177	945681	56
178W	177	945885.925	16.31
178Re	177	950989	30
178Os	177	953253.3	14.63
178Ir	177	961082	21.21
178Pt	177	965649.248	10.87
178Au	177	976055.945	10.82
178Hg	177	982484.158	11.56
178Tl	177	994857	96
178Pb	178	3837.163	25.72
179Tm	178	955340	540
179Yb	178	950040	210
179Lu	178	947333.082	5.52
179Hf	178	945825.838	1.51
179Ta	178	945939.187	1.57
179W	178	947079.501	15.64
179Re	178	949989.715	26.45
179Os	178	953816.669	17.71
179Ir	178	959117.596	10.48
179Pt	178	965358.719	8.56
179Au	178	973173.668	12.55
179Hg	178	981826.899	29.27
179Tl	178	991123.405	41.64
179Pb	179	2201.452	81.14
180Tm	179	959291	540
180Yb	179	952120	320
180Lu	179	949890.876	75.92
180Hf	179	946559.669	1.52
180Ta	179	947468.392	2.08
180W	179	946713.435	1.54
180Re	179	950791.568	22.96
180Os	179	952379.93	17.59
180Ir	179	959229.446	23.3
180Pt	179	963031.563	11.78
180Au	179	972489.883	5.13
180Hg	179	978260.249	13.57
180Tl	179	989923.019	64.42
180Pb	179	997915.842	13.3
181Tm	180	962243	640
181Yb	180	955890	320
181Lu	180	951908	135
181Hf	180	949110.965	1.52
181Ta	180	947999.331	1.5
181W	180	948218.863	1.55
181Re	180	950061.523	13.47
181Os	180	953247.188	27.2
181Ir	180	957634.694	5.63
181Pt	180	963089.927	14.69
181Au	180	970079.103	21.44
181Hg	180	977819.357	16.51
181Tl	180	986259.992	9.77
181Pb	180	996653.386	80.95
182Yb	181	958325	430
182Lu	181	955040	210
182Hf	181	950563.816	6.61
182Ta	181	950155.413	1.5
182W	181	948205.721	0.79
182Re	181	951211.645	109.48
182Os	181	952110.153	23.34
182Ir	181	958076.296	22.5
182Pt	181	961171.571	14.05
182Au	181	969617.874	21.74
182Hg	181	974689.132	10.51
182Tl	181	985691.88	12.7
182Pb	181	992672.94	12.98
183Yb	182	962319	430
183Lu	182	957363	86
183Hf	182	953534.004	32.24
183Ta	182	951376.18	1.52
183W	182	950224.5	0.79
183Re	182	950821.39	8.62
183Os	182	953124.719	53.42
183Ir	182	956839.968	26.19
183Pt	182	961596.653	16.67
183Au	182	967588.108	10.11
183Hg	182	974444.629	7.6
183Tl	182	982192.846	10.01
183Pb	182	991867.668	30.22
184Yb	183	965067	540
184Lu	183	960910	320
184Hf	183	955448.587	42.62
184Ta	183	954010.038	27.92
184W	183	950933.26	0.78
184Re	183	952528.267	4.58
184Os	183	952492.949	0.88
184Ir	183	957476	30
184Pt	183	959920.039	16.73
184Au	183	967451.524	23.91
184Hg	183	971713.221	10.8
184Tl	183	981875.093	10.75
184Pb	183	988135.702	13.74
184Bi	184	1141.25	83.85
185Yb	184	969404	540
185Lu	184	963620	320
185Hf	184	958862	69
185Ta	184	955561.396	15.2
185W	184	953421.286	0.78
185Re	184	952958.337	0.87
185Os	184	954045.995	0.89
185Ir	184	956698	30
185Pt	184	960613.659	27.73
185Au	184	965798.874	2.8
185Hg	184	971890.676	14.64
185Tl	184	978789.191	22.19
185Pb	184	987609.989	17.36
185Bi	184	997600	87
186Lu	185	967568	430
186Hf	185	960897	55
186Ta	185	958553.111	64.42
186W	185	954365.215	1.3
186Re	185	954989.419	0.88
186Os	185	953837.66	0.81
186Ir	185	957946.754	17.74
186Pt	185	959350.846	23.34
186Au	185	965952.703	22.5
186Hg	185	969362.017	12.5
186Tl	185	978650.841	24
186Pb	185	984238.196	12.19
186Bi	185	996622.402	18.09
186Po	186	4402.577	19.63
187Lu	186	970392	430
187Hf	186	964770	320
187Ta	186	960391	60
187W	186	957161.323	1.3
187Re	186	955752.288	0.79
187Os	186	955749.64	0.79
187Ir	186	957542	30
187Pt	186	960616.976	25.81
187Au	186	964543.155	23.94
187Hg	186	969814.158	14.92
187Tl	186	975904.743	8.64
187Pb	186	983910.836	5.46
187Bi	186	993147.276	10.74
187Po	187	3036.624	34.24
188Lu	187	974460	540
188Hf	187	966850	320
188Ta	187	963916	59
188W	187	958488.395	3.31
188Re	187	958113.728	0.79
188Os	187	955837.361	0.78
188Ir	187	958835.046	10.11
188Pt	187	959397.56	5.69
188Au	187	965247.969	2.9
188Hg	187	967576.91	13.17
188Tl	187	976020.886	32.1
188Pb	187	980874.592	11.4
188Bi	187	992276.184	12
188Po	187	999415.655	21.44
189Hf	188	970840	320
189Ta	188	965830	210
189W	188	961763	43
189Re	188	959227.817	8.79
189Os	188	958146.005	0.71
189Ir	188	958722.669	13.5
189Pt	188	960848.542	10.83
189Au	188	963948.286	21.55
189Hg	188	968194.748	33.87
189Tl	188	973573.527	8.98
189Pb	188	980843.639	15.09
189Bi	188	989195.141	22.38
189Po	188	998473.415	23.68
190Hf	189	973129	430
190Ta	189	969390	210
190W	189	963089.066	42.64
190Re	189	961743.36	76.06
190Os	189	958445.496	0.69
190Ir	189	960543.445	1.47
190Pt	189	959949.876	0.7
190Au	189	964751.75	3.7
190Hg	189	966322.169	17.07
190Tl	189	973835.551	8.53
190Pb	189	978081.828	13.43
190Bi	189	988620.883	24.22
190Po	189	995100.519	14.45
191Ta	190	971560	320
191W	190	966531	45
191Re	190	963123.437	11.01
191Os	190	960928.159	0.7
191Ir	190	960591.527	1.4
191Pt	190	961676.363	4.43
191Au	190	963716.455	5.28
191Hg	190	967158.247	23.91
191Tl	190	971784.096	7.88
191Pb	190	978281	40
191Bi	190	985786.975	8.03
191Po	190	994558.488	7.62
191At	191	4148.086	17.28
192Ta	191	975240	430
192W	191	968170	210
192Re	191	966088	76
192Os	191	961478.881	2.48
192Ir	191	962602.485	1.41
192Pt	191	961042.736	2.75
192Au	191	964817.684	16.99
192Hg	191	965634.182	16.67
192Tl	191	972225	34
192Pb	191	975785.115	14.27
192Bi	191	985470.078	32.32
192Po	191	991335.788	11.92
192At	192	3141.034	29.92
193Ta	192	977595	430
193W	192	971780	210
193Re	192	967545	42
193Os	192	964149.753	2.49
193Ir	192	962923.824	1.42
193Pt	192	962984.616	1.45
193Au	192	964138.447	9.31
193Hg	192	966653.377	16.64
193Tl	192	970501.997	7.2
193Pb	192	976173.234	53.22
193Bi	192	982947.223	8.13
193Po	192	991062.403	15.59
193At	192	999927.728	23.22
193Rn	193	9707.964	26.95
194Ta	193	981428	540
194W	193	973670	320
194Re	193	970760	210
194Os	193	965179.477	2.57
194Ir	193	965075.773	1.43
194Pt	193	962683.527	0.53
194Au	193	965419.062	2.27
194Hg	193	965449.111	3.1
194Tl	193	971081.411	15
194Pb	193	974011.706	18.71
194Bi	193	982792.362	6.63
194Po	193	988186.015	13.86
194At	193	999226.872	26.76
194Rn	194	6144.424	18.14
195W	194	977445	320
195Re	194	972540	320
195Os	194	968318	60
195Ir	194	965976.967	1.43
195Pt	194	964794.353	0.53
195Au	194	965037.851	1.2
195Hg	194	966705.751	24.84
195Tl	194	969774.096	11.9
195Pb	194	974548.743	19.28
195Bi	194	980648.762	5.67
195Po	194	988130.617	40.11
195At	194	996274.485	10.27
195Rn	195	5421.699	54.21
196W	195	979731	430
196Re	195	975800	320
196Os	195	969643.277	43
196Ir	195	968399.696	41.23
196Pt	195	964954.675	0.54
196Au	195	966571.221	3.17
196Hg	195	965833.444	3.16
196Tl	195	970481.192	13
196Pb	195	972787.466	8.27
196Bi	195	980666.509	26.22
196Po	195	985536.094	14.5
196At	195	995797.421	32.51
196Rn	196	2115.945	15.47
197W	196	983747	430
197Re	196	977990	320
197Os	196	972830	210
197Ir	196	969657.233	21.58
197Pt	196	967343.053	0.57
197Au	196	966570.114	0.58
197Hg	196	967213.713	3.44
197Tl	196	969573.986	17.52
197Pb	196	973434.717	5.15
197Bi	196	978864.929	8.94
197Po	196	985659.607	53.33
197At	196	993177.357	8.57
197Rn	197	1621.43	17.38
197Fr	197	11008.09	58.4
198Re	197	981600	430
198Os	197	974410	210
198Ir	197	972280	210
198Pt	197	967896.734	2.25
198Au	197	968243.724	0.57
198Hg	197	966769.179	0.49
198Tl	197	970446.673	8.1
198Pb	197	972015.397	9.39
198Bi	197	979206	30
198Po	197	983388.672	18.7
198At	197	992791.673	6.3
198Rn	197	998679.156	14.4
198Fr	198	10278.138	34.59
199Re	198	984047	430
199Os	198	978010	210
199Ir	198	973807.115	44.07
199Pt	198	970597.038	2.31
199Au	198	968766.582	0.58
199Hg	198	968280.989	0.56
199Tl	198	969877	30
199Pb	198	972912.542	10.73
199Bi	198	977672.893	11.34
199Po	198	983673.021	19.38
199At	198	990527.719	5.78
199Rn	198	998390.273	40.35
199Fr	199	7269.389	14.73
200Os	199	979840	320
200Ir	199	976800	210
200Pt	199	971444.625	21.58
200Au	199	970756.556	28.68
200Hg	199	968326.934	0.56
200Tl	199	970963.602	6.18
200Pb	199	971818.332	11.73
200Bi	199	978131.093	23.96
200Po	199	981812.27	8.13
200At	199	990351.1	26.26
200Rn	199	995700.707	14.68
200Fr	200	6583.507	32.86
201Os	200	983640	320
201Ir	200	978640	210
201Pt	200	974513.293	53.78
201Au	200	971657.665	3.45
201Hg	200	970303.038	0.76
201Tl	200	970820.168	15.22
201Pb	200	972870.425	14.75
201Bi	200	977008.512	16.29
201Po	200	982263.777	5.3
201At	200	988417.061	8.78
201Rn	200	995628.179	53.38
201Fr	201	3852.496	9.74
201Ra	201	12814.683	21.79
202Os	201	985950	430
202Ir	201	981990	320
202Pt	201	975639	27
202Au	201	973856	25
202Hg	201	970643.585	0.75
202Tl	201	972109.089	1.72
202Pb	201	972151.604	4.07
202Bi	201	977733.1	16.52
202Po	201	980738.881	9.3
202At	201	988630.38	30.03
202Rn	201	993263.902	18.8
202Fr	202	3323.946	7.55
202Ra	202	9742.264	16.12
203Os	202	991798	430
203Ir	202	984230	430
203Pt	202	978930	210
203Au	202	975154.498	3.3
203Hg	202	972872.326	1.74
203Tl	202	972344.022	1.25
203Pb	202	973390.535	7.03
203Bi	202	976892.145	13.71
203Po	202	981415.995	9.29
203At	202	986942.957	11.35
203Rn	202	993393.732	19.51
203Fr	203	940.872	6.68
203Ra	203	9298.745	40.92
204Ir	203	989600	430
204Pt	203	980760	210
204Au	203	977831	215
204Hg	203	973494.037	0.53
204Tl	203	973863.337	1.23
204Pb	203	973043.42	1.23
204Bi	203	977835.717	9.85
204Po	203	980309.863	11.82
204At	203	987251.197	23.92
204Rn	203	991443.644	7.99
204Fr	204	651.974	26.38
204Ra	204	6502.228	16.39
205Ir	204	993602	540
205Pt	204	986080	320
205Au	204	979850	210
205Hg	204	976073.125	3.92
205Tl	204	974427.237	1.32
205Pb	204	974481.597	1.22
205Bi	204	977386.323	5.48
205Po	204	981190.004	10.79
205At	204	986074.041	16.19
205Rn	204	991723.204	5.45
205Fr	204	998593.858	8.39
205Ra	205	6268.415	75.7
205Ac	205	15144.158	54.55
206Pt	205	989660	320
206Au	205	984740	320
206Hg	205	977513.756	21.94
206Tl	205	976110.026	1.37
206Pb	205	974465.124	1.22
206Bi	205	978498.757	8.19
206Po	205	980473.654	4.3
206At	205	986656.148	16.16
206Rn	205	990195.358	9.22
206Fr	205	998666.211	30.26
206Ra	206	3827.763	19.33
206Ac	206	14470.787	54.2
207Pt	206	995126	430
207Au	206	988395	322
207Hg	206	982300	32
207Tl	206	977418.586	5.83
207Pb	206	975896.735	1.23
207Bi	206	978470.471	2.57
207Po	206	981593.252	7.14
207At	206	985799.783	13.31
207Rn	206	990730.2	9.12
207Fr	206	996946.474	18.79
207Ra	207	3805.161	57.11
207Ac	207	11965.973	54.09
208Pt	207	998937	429
208Au	207	993450	320
208Hg	207	985759	33
208Tl	207	982017.992	1.99
208Pb	207	976651.918	1.23
208Bi	207	979741.981	2.47
208Po	207	981245.616	1.86
208At	207	986613.042	9.57
208Rn	207	989634.295	11.95
208Fr	207	997138.018	12.7
208Ra	208	1854.929	9.68
208Ac	208	11544.073	59.81
208Th	208	17910.722	36.7
209Au	208	997273	429
209Hg	208	990720	160
209Tl	208	985351.75	6.55
209Pb	208	981089.898	1.87
209Bi	208	980398.519	1.46
209Po	208	982430.276	1.9
209At	208	986169.944	5.47
209Rn	208	990401.388	10.69
209Fr	208	995953.197	15.72
209Ra	209	1994.879	6.16
209Ac	209	9494.22	54.33
209Th	209	017571	150
210Au	210	002500	430
210Hg	209	994240	210
210Tl	209	990072.97	12.45
210Pb	209	984188.301	1.55
210Bi	209	984120.156	1.46
210Po	209	982873.601	1.23
210At	209	987147.338	8.26
210Rn	209	989688.854	4.89
210Fr	209	996421.657	16.26
210Ra	210	475.356	9.86
210Ac	210	9436.13	61.62
210Th	210	15093.437	20.29
211Hg	210	999330	210
211Tl	210	993475	45
211Pb	210	988735.356	2.42
211Bi	210	987268.698	5.84
211Po	210	986653.085	1.34
211At	210	987496.147	2.92
211Rn	210	990600.686	7.31
211Fr	210	995555.259	12.87
211Ra	211	893.213	8.5
211Ac	211	7731.894	56.87
211Th	211	14933.183	78.37
211Pa	211	023704	110
212Hg	212	002960	320
212Tl	211	998335	215
212Pb	211	991895.975	1.97
212Bi	211	991285.016	1.98
212Po	211	988867.896	1.23
212At	211	990737.223	2.55
212Rn	211	990703.528	3.37
212Fr	211	996225.453	9.42
212Ra	211	999786.399	12.09
212Ac	212	7812.501	55.16
212Th	212	13001.487	10.85
212Pa	212	23181.425	80.36
213Hg	213	008230	320
213Tl	213	1915	29
213Pb	212	996560.867	7.46
213Bi	212	994383.608	5.45
213Po	212	992857.083	3.27
213At	212	992936.514	5.25
213Rn	212	993885.064	3.61
213Fr	212	996185.861	5.46
213Ra	213	370.97	10.54
213Ac	213	6607.333	16.39
213Th	213	13011.447	9.89
213Pa	213	21108.697	76.37
214Hg	214	012000	430
214Tl	214	006940	210
214Pb	213	999803.788	2.12
214Bi	213	998710.938	12.03
214Po	213	995201.208	1.55
214At	213	996371.601	4.61
214Rn	213	995362.566	9.86
214Fr	213	998970.785	9.26
214Ra	214	99.554	5.63
214Ac	214	6917.762	16.48
214Th	214	11481.431	11.44
214Pa	214	20918.561	81.72
215Hg	215	017400	430
215Tl	215	010640	320
215Pb	215	4661.59	56.3
215Bi	215	1749.149	6.03
215Po	214	999418.454	2.27
215At	214	998651.89	7.29
215Rn	214	998745.498	8.23
215Fr	215	341.456	7.58
215Ra	215	2720.08	8.17
215Ac	215	6474.132	13.31
215Th	215	11724.805	9.49
215Pa	215	19177.728	78.2
215U	215	26756.035	94.99
216Hg	216	021320	430
216Tl	216	015800	320
216Pb	216	008030	210
216Bi	216	6305.989	12
216Po	216	1913.506	1.94
216At	216	2422.631	3.83
216Rn	216	271.464	6.43
216Fr	216	3189.445	4.48
216Ra	216	3533.117	9.37
216Ac	216	8743.367	11.63
216Th	216	11055.714	12.92
216Pa	216	19108.242	57.46
216U	216	24762.747	30.15
217Tl	217	019660	430
217Pb	217	013140	320
217Bi	217	9372	19
217Po	217	6316.216	7.02
217At	217	4717.835	5.36
217Rn	217	3927.562	4.5
217Fr	217	4631.902	7.01
217Ra	217	6322.806	7.73
217Ac	217	9343.777	12.22
217Th	217	13103.444	11.39
217Pa	217	18323.692	17.08
217U	217	024663	77
218Tl	218	024885	429
218Pb	218	016590	320
218Bi	218	14188	29
218Po	218	8971.502	2.11
218At	218	8693.735	12.45
218Rn	218	5601.052	2.48
218Fr	218	7578.274	5.1
218Ra	218	7140.325	11.99
218Ac	218	11641.093	54.47
218Th	218	13276.242	11.28
218Pa	218	20057.853	19.67
218U	218	23504.829	14.72
219Pb	219	021770	430
219Bi	219	017480	210
219Po	219	13614	17
219At	219	11160.647	3.47
219Rn	219	9478.753	2.25
219Fr	219	9251.553	7.55
219Ra	219	10085.176	8.86
219Ac	219	12420.348	54.21
219Th	219	15535.677	54.29
219Pa	219	19903.65	55.3
219U	219	24999.161	54.5
219Np	219	31623.021	94.85
220Pb	220	025410	430
220Bi	220	022350	320
220Po	220	16386	19
220At	220	15433	15
220Rn	220	11392.534	1.94
220Fr	220	12326.778	4.32
220Ra	220	11025.562	8.84
220Ac	220	14754.45	6.57
220Th	220	15747.926	23.79
220Pa	220	021705	55
220U	220	024620	108
220Np	220	032540	210
221Bi	221	025870	320
221Po	221	21228	21
221At	221	18017	15
221Rn	221	15535.709	6.13
221Fr	221	14253.757	5.24
221Ra	221	13917.224	4.97
221Ac	221	15591.199	54.13
221Th	221	18186.236	8.76
221Pa	221	21874.846	55.05
221U	221	26323.299	54.87
221Np	221	032045	215
222Bi	222	030842	322
222Po	222	24140	43
222At	222	22494	17
222Rn	222	17576.286	2.09
222Fr	222	17582.62	8
222Ra	222	15373.355	4.78
222Ac	222	17843.887	5.55
222Th	222	18468.3	13.18
222Pa	222	023784	78
222U	222	26057.953	55.81
222Np	222	033300	210
223Bi	223	034500	430
223Po	223	029070	210
223At	223	25151	15
223Rn	223	21889.285	8.39
223Fr	223	19734.313	2.07
223Ra	223	18500.719	2.24
223Ac	223	19136.872	7.63
223Th	223	20811.546	9.88
223Pa	223	23962.232	76.28
223U	223	27737.168	76.34
223Np	223	032850	210
224Bi	224	039539	429
224Po	224	032110	210
224At	224	29749	24
224Rn	224	24095.804	10.53
224Fr	224	23348.1	12
224Ra	224	20210.453	1.94
224Ac	224	21722.239	4.38
224Th	224	21464.157	10.86
224Pa	224	25617.21	8.14
224U	224	27613.974	24.87
224Np	224	034220	210
225Po	225	037070	320
225At	225	032630	320
225Rn	225	28485.574	11.95
225Fr	225	25572.478	12.84
225Ra	225	23610.574	2.78
225Ac	225	23228.647	5.1
225Th	225	23950.907	5.46
225Pa	225	26130.844	76.23
225U	225	29393.555	11.71
225Np	225	33910.797	76.88
226Po	226	040310	430
226At	226	037160	320
226Rn	226	30861.382	11.24
226Fr	226	29544.515	6.68
226Ra	226	25408.455	2.07
226Ac	226	26097.069	3.32
226Th	226	24903.686	4.81
226Pa	226	27947.872	12.25
226U	226	29338.749	13.95
226Np	226	035188	95
227Po	227	045390	430
227At	227	040240	320
227Rn	227	35304.396	15.12
227Fr	227	31865.417	6.33
227Ra	227	29176.474	2.09
227Ac	227	27750.666	2.06
227Th	227	27702.618	2.24
227Pa	227	28804.477	7.96
227U	227	31181.587	10.41
227Np	227	34956.832	77.83
227Pu	227	039474	107
228At	228	044750	430
228Rn	228	37835.418	18.97
228Fr	228	35839.437	7.22
228Ra	228	31068.657	2.14
228Ac	228	31019.767	2.24
228Th	228	28739.835	1.94
228Pa	228	31050.748	4.65
228U	228	31371.351	15.4
228Np	228	36066.462	54.29
228Pu	228	38741.387	31.28
229At	229	048120	430
229Rn	229	42257.276	14
229Fr	229	38291.455	5.36
229Ra	229	34956.707	16.57
229Ac	229	32947	13
229Th	229	31761.431	2.58
229Pa	229	32095.652	3.52
229U	229	33505.909	6.37
229Np	229	36263.974	93.23
229Pu	229	40145.819	54.93
229Am	229	45249.909	93.77
230Rn	230	045140	210
230Fr	230	42390.791	7.02
230Ra	230	37054.78	11.05
230Ac	230	36327	17
230Th	230	33132.358	1.29
230Pa	230	34539.789	3.26
230U	230	33940.102	4.84
230Np	230	37827.716	55.05
230Pu	230	39650.703	15.91
230Am	230	046089	143
231Rn	231	049870	320
231Fr	231	45175.357	8.3
231Ra	231	41027.086	12.2
231Ac	231	38393	14
231Th	231	36302.853	1.3
231Pa	231	35882.575	1.9
231U	231	36292.252	2.86
231Np	231	38244.49	54.26
231Pu	231	41126.41	24.2
231Am	231	045529	322
231Cm	231	050746	322
232Fr	232	49461.224	15
232Ra	232	43475.27	9.82
232Ac	232	42034	14
232Th	232	38053.689	1.52
232Pa	232	38590.3	8.2
232U	232	37154.86	1.94
232Np	232	040107	107
232Pu	232	41184.526	18.88
232Am	232	046527	322
232Cm	232	049718	217
233Fr	233	52517.838	21
233Ra	233	47594.573	9.23
233Ac	233	44346	14
233Th	233	41580.208	1.52
233Pa	233	40246.605	1.43
233U	233	39634.367	2.42
233Np	233	40739.489	54.72
233Pu	233	42997.345	54.05
233Am	233	046445	109
233Cm	233	50772.206	76.8
233Bk	233	056748	240
234Ra	234	50382.104	9
234Ac	234	48139	15
234Th	234	43599.86	2.77
234Pa	234	43305.615	4.39
234U	234	40950.37	1.21
234Np	234	42893.32	9.01
234Pu	234	43317.478	7.29
234Am	234	047731	170
234Cm	234	50160.959	18.67
234Bk	234	057387	153
235Ra	235	054890	322
235Ac	235	50840	15
235Th	235	47255	14
235Pa	235	45399	15
235U	235	43928.19	1.19
235Np	235	44061.591	1.49
235Pu	235	45284.682	22.03
235Am	235	47907.371	56.03
235Cm	235	051567	216
235Bk	235	056580	430
236Ac	236	54988	41
236Th	236	49657	15
236Pa	236	48668	15
236U	236	45566.201	1.19
236Np	236	46568.392	54.12
236Pu	236	46056.756	1.94
236Am	236	049427	120
236Cm	236	51374.506	19.66
236Bk	236	057480	430
237Ac	237	057993	429
237Th	237	53629	17
237Pa	237	51023	14
237U	237	48728.38	1.29
237Np	237	48171.71	1.2
237Pu	237	48407.957	1.82
237Am	237	049995	64
237Cm	237	52868.923	76.17
237Bk	237	057100	241
237Cf	237	62199.993	93.7
238Th	238	056388	304
238Pa	238	54637	17
238U	238	50786.996	1.6
238Np	238	50944.671	1.22
238Pu	238	49558.25	1.22
238Am	238	51982.607	54.42
238Cm	238	53081.595	13.13
238Bk	238	058203	274
238Cf	238	061490	320
239Th	239	060602	429
239Pa	239	057260	210
239U	239	54292.048	1.61
239Np	239	52937.599	1.4
239Pu	239	52161.669	1.19
239Am	239	53022.803	2.12
239Cm	239	54908.593	58.02
239Bk	239	058240	222
239Cf	239	062554	224
239Es	239	068230	320
240Pa	240	061095	215
240U	240	56592.425	2.74
240Np	240	56163.83	18.28
240Pu	240	53811.812	1.18
240Am	240	55298.444	14.84
240Cm	240	55528.329	2.04
240Bk	240	059758	161
240Cf	240	62255.842	20.07
240Es	240	068920	430
241Pa	241	064026	322
241U	241	060330	210
241Np	241	58250.697	75.92
241Pu	241	56849.722	1.18
241Am	241	56827.413	1.19
241Cm	241	57651.288	1.72
241Bk	241	060153	215
241Cf	241	063690	178
241Es	241	068560	242
241Fm	241	074210	320
242U	242	062931	215
242Np	242	61639.615	214.71
242Pu	242	58741.045	1.33
242Am	242	59547.428	1.2
242Cm	242	58834.263	1.22
242Bk	242	061980	215
242Cf	242	63754.533	13.84
242Es	242	069567	275
242Fm	242	073430	430
243U	243	066946	322
243Np	243	064279	34
243Pu	243	62002.119	2.72
243Am	243	61379.94	1.49
243Cm	243	61387.403	1.6
243Bk	243	63005.98	4.85
243Cf	243	065475	123
243Es	243	069509	222
243Fm	243	074490	231
244Np	244	067850	320
244Pu	244	64204.415	2.51
244Am	244	64282.964	1.6
244Cm	244	62750.694	1.18
244Bk	244	65179.039	15.45
244Cf	244	65999.543	2.81
244Es	244	070881	195
244Fm	244	074038	216
245Np	245	070736	322
245Pu	245	67824.568	14.62
245Am	245	66452.89	2.02
245Cm	245	65491.113	1.23
245Bk	245	66359.885	1.92
245Cf	245	68046.825	2.6
245Es	245	071247	215
245Fm	245	075349	209
245Md	245	080808	328
246Pu	246	70204.209	16.08
246Am	246	069774	19
246Cm	246	67222.082	1.63
246Bk	246	68671.367	64.43
246Cf	246	68803.762	1.62
246Es	246	072894	240
246Fm	246	75350.815	16.46
246Md	246	081713	278
247Pu	247	074190	210
247Am	247	072092	107
247Cm	247	70352.726	4.07
247Bk	247	70305.94	5.57
247Cf	247	70965.462	16.46
247Es	247	73621.932	20.87
247Fm	247	076944	123
247Md	247	081521	222
248Am	248	075752	215
248Cm	248	72349.101	2.53
248Bk	248	073087	76
248Cf	248	72182.978	5.49
248Es	248	075469	56
248Fm	248	77185.528	9.12
248Md	248	082822	255
248No	248	086550	241
249Am	249	078480	320
249Cm	249	75954.006	2.54
249Bk	249	74983.182	1.34
249Cf	249	74850.491	1.27
249Es	249	076409	32
249Fm	249	78926.098	6.66
249Md	249	082912	216
249No	249	087797	300
250Cm	250	78357.556	11.02
250Bk	250	78315.027	3.99
250Cf	250	76404.561	1.65
250Es	250	078611	107
250Fm	250	79519.828	8.46
250Md	250	084413	323
250No	250	087562	215
251Cm	251	82285.036	24.36
251Bk	251	80760.603	11.52
251Cf	251	79587.219	4.18
251Es	251	79992.224	6.43
251Fm	251	81539.889	16.32
251Md	251	84774.291	20.31
251No	251	088942	123
251Lr	251	094180	320
252Cm	252	084870	320
252Bk	252	084310	215
252Cf	252	81626.523	2.53
252Es	252	82979.189	53.73
252Fm	252	82464.972	5.9
252Md	252	086432	140
252No	252	88966.141	9.97
252Lr	252	095263	255
253Bk	253	086880	385
253Cf	253	85133.738	4.57
253Es	253	84821.305	1.34
253Fm	253	85181.16	3.14
253Md	253	087143	34
253No	253	90562.831	7.42
253Lr	253	095089	217
253Rf	253	100438	440
254Bk	254	090600	320
254Cf	254	87323.59	12.3
254Es	254	88020.527	4.3
254Fm	254	86852.726	2.59
254Md	254	089590	107
254No	254	90954.259	10.36
254Lr	254	096481	323
254Rf	254	100053	304
255Cf	255	091047	215
255Es	255	90273.553	11.61
255Fm	255	89962.633	4.6
255Md	255	91082.787	7.03
255No	255	93191.404	16
255Lr	255	96562.404	19
255Rf	255	101267	123
255Db	255	106918	385
256Cf	256	093442	338
256Es	256	093599	108
256Fm	256	91773.878	6.01
256Md	256	093888	132
256No	256	94280.866	8.31
256Lr	256	98494.029	89
256Rf	256	101151.535	19.16
256Db	256	107889	258
257Es	257	095979	441
257Fm	257	95105.317	4.81
257Md	257	95537.977	1.71
257No	257	96884.419	7.16
257Lr	257	099480	47
257Rf	257	102916.848	11.61
257Db	257	107576	218
258Es	258	099520	430
258Fm	258	097077	215
258Md	258	98429.825	4.74
258No	258	098205	107
258Lr	258	101753	109
258Rf	258	103426.362	34.31
258Db	258	109284	328
258Sg	258	112984	443
259Fm	259	100596	304
259Md	259	100510	215
259No	259	100997.503	7.07
259Lr	259	102901	76
259Rf	259	105596	78
259Db	259	109491.865	56.94
259Sg	259	114353	123
260Fm	260	102809	467
260Md	260	103653	340
260No	260	102643	215
260Lr	260	105504	133
260Rf	260	106439	215
260Db	260	111297	100
260Sg	260	114383.508	22.04
260Bh	260	121658	263
261Md	261	105828	546
261No	261	105696	215
261Lr	261	106880	215
261Rf	261	108769.99	54.15
261Db	261	111980	118
261Sg	261	115948.188	19.85
261Bh	261	121454	224
262Md	262	109101	537
262No	262	107463	387
262Lr	262	109611	215
262Rf	262	109923	240
262Db	262	114068	154
262Sg	262	116335.446	38.01
262Bh	262	122965	328
263No	263	110714	526
263Lr	263	111358	304
263Rf	263	112460	164
263Db	263	114988	181
263Sg	263	118294	102
263Bh	263	122916	327
263Hs	263	128480	134
264No	264	112734	634
264Lr	264	114200	468
264Rf	264	113878	387
264Db	264	117405	253
264Sg	264	118929	304
264Bh	264	124593	190
264Hs	264	128356.405	31
265Lr	265	116193	587
265Rf	265	116683	387
265Db	265	118608	240
265Sg	265	121090	132
265Bh	265	124977	251
265Hs	265	129791.799	25.71
265Mt	265	135995	484
266Lr	266	119831	626
266Rf	266	118172	504
266Db	266	121028	304
266Sg	266	121973	263
266Bh	266	126790	175
266Hs	266	130045.252	41.54
266Mt	266	137373	329
267Rf	267	121787	617
267Db	267	122464	443
267Sg	267	124322	276
267Bh	267	127500	282
267Hs	267	131673	103
267Mt	267	137189	540
267Ds	267	143726	145
268Rf	268	123968	711
268Db	268	125671	568
268Sg	268	125392	504
268Bh	268	129691	409
268Hs	268	131863	304
268Mt	268	138649	250
268Ds	268	143477	324
269Db	269	127911	669
269Sg	269	128570	391
269Bh	269	130412	402
269Hs	269	133725	133
269Mt	269	138884	497
269Ds	269	144751.021	33.71
270Db	270	131302	662
270Sg	270	130426	598
270Bh	270	133362	308
270Hs	270	134314	266
270Mt	270	140323	183
270Ds	270	144583.09	51.54
271Sg	271	133932	628
271Bh	271	135182	446
271Hs	271	137135	301
271Mt	271	140742	354
271Ds	271	145946	104
272Sg	272	135890	781
272Bh	272	138261	571
272Hs	272	138494	547
272Mt	272	143406	521
272Ds	272	146018	443
272Rg	272	153273	251
273Sg	273	139580	540
273Bh	273	140240	743
273Hs	273	141590	394
273Mt	273	144620	455
273Ds	273	148531	144
273Rg	273	153189	565
274Bh	274	143513	664
274Hs	274	143303	635
274Mt	274	147339	380
274Ds	274	149434	418
274Rg	274	155249	190
275Bh	275	145670	640
275Hs	275	146667	631
275Mt	275	149039	449
275Ds	275	151976	441
275Rg	275	155981	557
276Hs	276	148455	810
276Mt	276	151708	571
276Ds	276	153024	588
276Rg	276	158333	675
276Cn	276	161410	640
277Hs	277	151899	581
277Mt	277	153483	751
277Ds	277	155815	412
277Rg	277	159247	558
277Cn	277	163611	153
278Mt	278	156454	666
278Ds	278	157146	671
278Rg	278	161587	383
278Cn	278	164179	470
278Ed	278	170574	198
279Mt	279	158343	716
279Ds	279	160093	642
279Rg	279	162937	452
279Cn	279	166432	490
279Ed	279	170950	750
280Ds	280	161590	838
280Rg	280	165203	571
280Cn	280	167147	626
280Ed	280	172991	429
281Ds	281	164715	622
281Rg	281	166718	865
281Cn	281	169641	416
281Ed	281	173710	322
282Rg	282	169405	702
282Cn	282	170668	704
282Ed	282	175766	387
283Rg	283	170995	748
283Cn	283	173362	653
283Ed	283	176820	468
284Cn	284	174499	865
284Ed	284	178843	573
284Fl	284	181344	704
285Cn	285	177321	624
285Ed	285	180066	866
285Fl	285	183579	419
286Ed	286	182518	704
286Fl	286	184406	705
287Ed	287	183840	778
287Fl	287	186875	655
287Ef	287	190978	471
288Fl	288	187916	865
288Ef	288	192992	576
289Fl	289	190623	626
289Ef	289	193953	868
289Lv	289	198099	529
290Ef	290	196345	706
290Lv	290	198818	708
291Ef	291	197522	842
291Lv	291	201169	658
291Eh	291	205906	637
292Lv	292	202086	865
292Eh	292	207812	718
293Lv	293	204691	629
293Eh	293	208680	870
293Ei	293	213498	753
294Eh	294	210974	708
294Ei	294	214132	712
295Ei	295	216332	692